0.02 -6.5794
0.03 -6.3766
0.05 -7.5989
0.07 -6.8486
0.12 -6.357
0.17 -6.9235
0.19 -6.2885
0.21 -6.8662
0.24 -6.6736
0.31 -6.5194
0.32 -5.6662
0.35 -6.6257
0.36 -5.0507
0.37 -6.5265
0.39 -6.0218
0.42 -5.3097
0.47 -5.7595
0.48 -6.0233
0.49 -4.8718
0.52 -4.5526
0.53 -5.2954
0.55 -4.7163
0.57 -4.7024
0.6 -3.8498
0.61 -4.6451
0.62 -2.8007
0.64 -2.6226
0.66 -3.9191
0.69 -2.5081
0.71 -2.8279
0.72 -2.1831
0.76 -1.6654
0.77 -0.10429
0.78 -0.57973
0.8 0.61273
0.85 0.04479
0.86 0.24651
0.87 0.35707
0.9 1.7561
0.95 1.9707
0.98 2.6172
1 4.0516
1.02 4.2953
1.03 5.3387
1.05 5.2479
1.06 5.123
1.07 5.1382
1.08 5.8535
1.09 4.5776
1.16 6.1578
1.24 7.0971
1.26 7.9116
1.28 7.2253
1.3 8.2696
1.31 8.383
1.33 7.3746
1.34 8.3771
1.35 7.2832
1.36 8.0259
1.47 7.775
1.51 8.0074
1.52 7.6445
1.57 8.1473
1.58 8.1685
1.61 7.9804
1.62 7.8427
1.66 7.711
1.7 8.5743
1.71 6.2292
1.73 7.6319
1.78 5.7211
1.87 5.6464
1.89 5.9327
1.91 5.9735
1.94 5.0737
2 4.2882
2.04 4.0056
2.09 2.7729
2.12 3.3208
2.13 2.6112
2.17 3.146
2.18 1.8487
2.2 2.335
2.22 2.7093
2.25 1.3981
2.3 2.0855
2.31 1.2564
2.32 1.1373
2.34 1.703
2.35 0.51079
2.36 0.8482
2.37 -0.34005
2.39 -1.0586
2.4 0.34219
2.41 -0.022842
2.42 0.067396
2.47 0.23915
2.48 0.36891
2.49 0.19328
2.51 -1.269
2.57 -2.4119
2.62 -3.794
2.63 -3.1583
2.67 -3.8428
2.68 -4.9149
2.69 -3.3973
2.72 -4.4647
2.73 -4.7184
2.74 -5.2229
2.77 -5.5384
2.78 -5.134
2.79 -6.195
2.82 -6.6397
2.85 -6.8142
2.88 -7.0301
2.89 -7.309
2.91 -7.1997
2.93 -8.3214
2.95 -8.6286
2.96 -8.9372
2.97 -8.505
2.98 -8.0469
2.99 -8.3786
3.01 -8.8283
3.02 -7.7131
3.03 -8.7342
3.09 -10.233
3.1 -8.7424
3.12 -8.5732
3.15 -8.2339
3.17 -9.6932
3.18 -8.9722
3.19 -9.0772
3.25 -8.2418
3.33 -8.0945
3.36 -7.5734
3.41 -6.1318
3.43 -7.4079
3.44 -7.4386
3.45 -6.2035
3.46 -5.1553
3.5 -5.039
3.54 -6.4387
3.56 -4.2904
3.58 -5.6449
3.63 -3.7022
3.64 -4.2723
3.65 -3.4215
3.67 -2.3803
3.7 -2.7163
3.72 -1.548
3.74 -1.6409
3.77 -2.2676
3.79 -1.2525
3.8 -0.965
3.82 -0.53001
3.83 -0.53321
3.87 -0.070295
3.89 0.053967
3.93 1.789
3.94 1.5285
3.96 1.7376
4 1.8627
4.01 1.7508
4.02 3.1371
4.04 2.4665
4.06 3.0155
4.07 1.7245
4.09 2.3397
4.15 3.0492
4.19 3.9479
4.21 3.7668
4.22 4.0568
4.23 3.5188
4.24 4.7965
4.26 5.166
4.33 4.7694
4.34 4.6297
4.43 5.6972
4.46 7.1596
4.52 7.158
4.55 7.5059
4.56 6.1216
4.59 7.4551
4.61 7.4484
4.64 7.4769
4.67 8.4822
4.68 7.4682
4.71 8.4263
4.75 8.8177
4.77 8.6407
4.78 7.6905
4.8 7.8954
4.82 8.2692
4.83 7.5437
4.85 7.395
4.86 7.1524
4.91 9.1009
4.97 7.578
5 7.5215
