-0.999 0.634 1.2587
-0.997 0.265 2.042
-0.994 -0.71 1.4841
-0.992 -0.893 1.2722
-0.991 0.583 1.3247
-0.989 0.94 1.1424
-0.984 -0.298 1.4518
-0.984 -0.097 1.2377
-0.981 -0.839 1.4441
-0.981 -0.385 1.212
-0.981 0.617 1.3139
-0.98 0.277 1.3967
-0.977 -0.805 1.2106
-0.976 -0.964 1.0208
-0.973 -0.827 1.6392
-0.973 -0.207 1.0894
-0.972 0.202 1.2976
-0.972 0.572 1.2261
-0.969 -0.338 1.3964
-0.969 -0.251 1.0165
-0.969 0.238 1.3041
-0.968 0.554 1.3982
-0.965 -0.92 1.1464
-0.965 -0.579 1.1421
-0.964 0.814 1.224
-0.963 0.8 1.0283
-0.961 -0.776 1.1292
-0.96 0.825 1.2941
-0.959 -0.248 1.3425
-0.957 0.464 1.2162
-0.952 0.606 1.128
-0.949 -0.655 1.178
-0.948 0.145 1.5444
-0.946 0.639 0.95194
-0.945 0.504 0.84507
-0.941 0.046 0.75592
-0.939 0.954 0.90064
-0.937 -0.267 1.2029
-0.934 -0.066 0.98514
-0.933 0.033 1.0384
-0.932 0.042 0.73674
-0.93 0.282 0.79088
-0.927 -0.535 0.50862
-0.926 0.155 0.54923
-0.925 -0.902 0.65522
-0.924 -0.212 0.6368
-0.924 0.897 0.73714
-0.921 -0.73 0.48638
-0.919 0.982 0.36061
-0.912 0.369 0.65374
-0.91 -0.599 0.88184
-0.905 -0.557 0.31559
-0.903 0.046 0.38069
-0.903 0.547 0.2537
-0.902 -0.624 0.51887
-0.902 0.414 0.59817
-0.9 -0.533 0.48043
-0.9 0.46 0.22812
-0.899 -0.862 0.85486
-0.892 0.468 0.34468
-0.891 -0.19 0.03521
-0.89 0.998 0.29877
-0.887 0.595 0.39579
-0.886 -0.631 0.17441
-0.885 0.917 0.51083
-0.881 0.303 0.12435
-0.88 -0.809 -0.032713
-0.88 -0.114 0.24166
-0.876 0.736 0.35986
-0.874 -0.749 0.37417
-0.873 -0.735 -0.072649
-0.867 -0.009 0.20686
-0.864 -0.34 -0.21127
-0.861 -0.736 0.26235
-0.859 0.491 0.19881
-0.857 0.871 0.097977
-0.848 0.593 0.0030055
-0.845 -0.262 -0.47375
-0.845 0.981 0.092734
-0.837 -0.363 0.018687
-0.833 0.267 -0.047086
-0.832 0.557 -0.32886
-0.83 -0.845 -0.18235
-0.826 0.919 -0.51112
-0.823 0.223 -0.54444
-0.821 -0.867 -0.31599
-0.82 0.437 -0.2593
-0.82 0.88 -0.26137
-0.816 0.557 -0.32718
-0.814 0.25 -0.49222
-0.812 0.251 -0.14367
-0.81 0.449 -0.66232
-0.809 0.925 -0.11178
-0.806 -0.029 -0.34289
-0.806 0.45 -0.55915
-0.802 0.949 -0.47677
-0.801 0.398 -0.52135
-0.8 -0.314 -0.66426
-0.798 0.741 -0.75988
-0.796 0.849 -0.57167
-0.792 0.97 -0.7099
-0.79 0.728 -0.57512
-0.787 -0.981 -0.75847
-0.784 0.635 -0.78018
-0.776 -0.7 -0.74738
-0.775 -0.344 -1.1334
-0.774 0.836 -0.96035
-0.769 0.524 -0.66766
-0.769 0.634 -0.89163
-0.764 0.073 -0.97584
-0.762 -0.255 -1.2057
-0.76 -0.478 -0.64384
-0.76 0.57 -0.98362
-0.76 0.826 -1.0751
-0.759 -0.196 -1.0854
-0.756 -0.246 -0.77129
-0.756 0.967 -1.3214
-0.755 0.594 -1.1786
-0.754 -0.624 -0.94764
-0.753 0.436 -1.1001
-0.75 -0.075 -1.3683
-0.748 0.505 -0.82261
-0.748 0.553 -1.4663
-0.748 0.672 -0.82201
-0.747 -0.212 -1.0645
-0.747 0.242 -1.8982
-0.744 -0.965 -0.98439
-0.744 0.746 -1.3934
-0.742 -0.911 -1.2704
-0.741 -0.651 -1.0725
-0.741 -0.606 -1.1476
-0.738 -0.939 -1.2516
-0.735 -0.572 -1.2679
-0.733 -0.566 -1.4076
-0.733 0.71 -1.3611
-0.732 0.577 -1.0881
-0.731 0.016 -1.2293
-0.727 -0.699 -1.2349
-0.727 0.999 -0.87618
-0.725 -0.31 -1.124
-0.723 0.429 -1.2629
-0.723 0.533 -1.1235
-0.722 -0.265 -1.0581
-0.721 0.263 -1.5614
-0.721 0.942 -1.078
-0.72 -0.502 -1.197
-0.72 -0.07 -1.4498
-0.72 -0.017 -1.2096
-0.716 -0.783 -1.3928
-0.715 0.032 -1.6776
-0.714 0.371 -1.7377
-0.714 0.509 -1.3482
-0.711 -0.42 -1.3563
-0.706 0.978 -1.4349
-0.704 -0.938 -1.1726
-0.703 -0.233 -1.0788
-0.699 -0.977 -1.3205
-0.699 -0.013 -1.5083
-0.698 -0.208 -1.6877
-0.691 -0.283 -1.622
-0.688 -0.985 -1.2134
-0.687 -0.484 -1.5222
-0.686 0.019 -1.7574
-0.682 0.187 -1.3903
-0.681 0.271 -1.2852
-0.68 -0.848 -1.5331
-0.679 -0.078 -1.5483
-0.677 -0.906 -1.3387
-0.677 0.07 -1.4923
-0.675 -0.874 -1.5434
-0.675 -0.39 -1.6171
-0.675 -0.323 -1.5456
-0.668 0.294 -1.3093
-0.667 0.839 -1.6125
-0.665 0.322 -1.814
-0.664 -0.358 -1.4566
-0.655 -0.083 -2.1845
-0.651 0.371 -1.9709
-0.649 0.425 -1.7442
-0.647 -0.965 -1.86
-0.647 -0.288 -1.5507
-0.645 0.339 -1.8019
-0.642 0.438 -1.711
-0.638 -0.727 -1.8755
-0.638 0.105 -1.7275
-0.633 -0.574 -1.8499
-0.632 -0.325 -2.1439
-0.63 -0.863 -1.7036
-0.63 -0.519 -1.9183
-0.628 0.581 -1.6943
-0.622 0.446 -2.0691
-0.619 0.513 -1.8656
-0.615 -0.112 -1.9724
-0.613 0.653 -2.2239
-0.612 0.052 -2.2639
-0.611 -0.071 -1.8804
-0.608 0.448 -2.2275
-0.603 -0.911 -2.0238
-0.602 0.412 -2.173
-0.599 -0.063 -2.2036
-0.595 0.27 -2.1487
-0.593 0.688 -1.906
-0.592 0.638 -2.2001
-0.591 -0.994 -2.1323
-0.589 0.231 -2.0472
-0.586 0.138 -2.3005
-0.582 0.404 -2.2049
-0.581 0.893 -2.4537
-0.579 -0.932 -2.0517
-0.579 -0.654 -2.0117
-0.576 0.601 -2.4895
-0.564 -0.472 -2.1615
-0.553 -0.27 -2.231
-0.551 -0.904 -2.0426
-0.551 -0.166 -2.1795
-0.538 -0.087 -2.3197
-0.536 -0.94 -2.4344
-0.536 -0.275 -2.5666
-0.535 -0.306 -2.0251
-0.529 -0.309 -1.9276
-0.529 0.446 -2.2168
-0.528 -0.798 -2.6622
-0.528 -0.537 -2.6704
-0.526 -0.491 -2.455
-0.525 -0.421 -2.3831
-0.521 -0.859 -2.2689
-0.521 -0.829 -2.5091
-0.52 0.847 -2.3025
-0.519 0.301 -2.4202
-0.518 0.291 -2.2976
-0.518 0.789 -2.9611
-0.511 -0.607 -2.2604
-0.511 -0.416 -2.4143
-0.511 0.913 -2.2284
-0.51 0.069 -2.1993
-0.508 0.314 -2.4512
-0.508 0.61 -2.3374
-0.503 -0.232 -2.7052
-0.497 0.472 -2.5764
-0.494 0.622 -2.5161
-0.493 0.449 -2.4698
-0.493 0.653 -2.6498
-0.492 -0.249 -2.6125
-0.49 0.337 -2.2382
-0.489 -0.209 -2.4213
-0.489 -0.143 -2.5315
-0.487 0.356 -2.53
-0.486 0.466 -2.4692
-0.483 0.764 -2.5168
-0.482 -0.523 -2.2426
-0.482 0.99 -2.5221
-0.479 0.809 -2.533
-0.475 0.678 -2.8202
-0.473 0.896 -2.5867
-0.472 0.604 -2.3495
-0.47 0.428 -2.237
-0.462 0.81 -2.5153
-0.46 -0.698 -2.5598
-0.458 -0.976 -2.6234
-0.457 0.515 -2.4178
-0.453 0.684 -2.5469
-0.451 -0.225 -2.6223
-0.45 -0.166 -2.4048
-0.449 -0.768 -2.4724
-0.449 -0.629 -2.4626
-0.449 0.596 -2.6119
-0.446 -0.358 -2.543
-0.442 0.955 -2.5118
-0.44 0.905 -2.6727
-0.438 0.199 -2.4936
-0.437 0.879 -2.3664
-0.436 -0.903 -2.3868
-0.436 -0.335 -2.3092
-0.436 -0.277 -2.7231
-0.429 -0.215 -2.1285
-0.427 -0.858 -2.6143
-0.425 -0.164 -2.8475
-0.424 -0.349 -2.2967
-0.412 0.214 -2.3038
-0.412 0.611 -2.7046
-0.409 -0.257 -2.4839
-0.407 -0.703 -2.6104
-0.405 0.168 -2.5551
-0.404 -0.1 -2.3663
-0.403 0.79 -2.2256
-0.402 -0.698 -2.26
-0.402 0.312 -2.2192
-0.401 0.427 -2.6326
-0.4 0.752 -2.4406
-0.399 -0.007 -2.1019
-0.398 -0.647 -2.3191
-0.396 -0.431 -2.3757
-0.392 -0.6 -2.4957
-0.39 0.218 -2.6798
-0.39 0.737 -2.4774
-0.387 0.288 -2.6163
-0.386 0.76 -2.3062
-0.381 -0.724 -2.3349
-0.381 -0.066 -2.4291
-0.379 0.103 -2.5866
-0.376 0.615 -2.2592
-0.375 -0.448 -2.5388
-0.373 -0.925 -2.4641
-0.373 -0.788 -2.489
-0.372 0.248 -2.6557
-0.372 0.821 -2.8695
-0.371 -0.551 -2.4718
-0.37 -0.558 -2.2449
-0.368 -0.605 -2.6979
-0.368 -0.534 -2.5098
-0.365 0.881 -2.2655
-0.364 -0.708 -2.0837
-0.362 -0.467 -2.4956
-0.359 -0.379 -1.9445
-0.35 0.55 -2.3533
-0.339 0.92 -2.5469
-0.336 -0.413 -2.4943
-0.335 0.909 -2.7234
-0.334 0.203 -2.4257
-0.333 0.409 -2.5752
-0.33 -0.037 -2.0466
-0.327 -0.861 -2.5471
-0.327 0.466 -2.3052
-0.326 0.562 -2.5617
-0.326 0.573 -2.2749
-0.323 0.374 -2.3891
-0.322 -0.634 -2.1691
-0.318 0.635 -2.2868
-0.314 0.362 -2.4098
-0.314 0.944 -2.4099
-0.312 0.064 -2.0885
-0.307 0.086 -2.6153
-0.305 -0.867 -2.403
-0.302 0.032 -2.3074
-0.301 -0.031 -2.4521
-0.3 0.564 -2.3126
-0.298 -0.177 -2.4446
-0.295 0.722 -2.4107
-0.295 0.812 -2.5568
-0.292 -0.917 -2.1569
-0.292 -0.109 -2.6619
-0.292 0.397 -2.151
-0.29 -0.901 -2.3464
-0.29 -0.238 -2.4734
-0.287 -0.609 -2.5349
-0.284 0.271 -2.2241
-0.283 -0.723 -2.8223
-0.28 -0.962 -2.4237
-0.278 0.56 -2.5519
-0.278 0.629 -2.2444
-0.276 -0.696 -2.4836
-0.275 0.26 -2.5038
-0.274 0.741 -2.0181
-0.271 -0.522 -2.7695
-0.27 0.477 -2.5727
-0.265 -0.619 -1.8655
-0.265 0.934 -2.1019
-0.264 0.004 -2.3283
-0.264 0.696 -2.2115
-0.263 0.237 -2.5459
-0.262 0.282 -2.2569
-0.258 -0.185 -2.2369
-0.257 -0.512 -2.4332
-0.256 0.729 -2.3537
-0.253 -0.245 -2.1692
-0.251 -0.338 -2.2375
-0.25 0.836 -2.231
-0.248 0.145 -2.4552
-0.245 0.149 -2.0748
-0.242 0.303 -2.2695
-0.24 -0.564 -2.1345
-0.231 -0.107 -2.2561
-0.228 -0.224 -2.145
-0.225 0.658 -2.0929
-0.224 0.961 -2.186
-0.221 -0.267 -2.3526
-0.22 -0.606 -2.0815
-0.219 -0.375 -2.3807
-0.219 -0.243 -2.2337
-0.219 0.818 -2.1841
-0.218 0.965 -1.9925
-0.216 -0.057 -2.122
-0.215 -0.302 -2.2745
-0.214 -0.929 -2.467
-0.214 -0.605 -2.1472
-0.214 -0.383 -2.0748
-0.214 -0.319 -2.2872
-0.212 -0.118 -2.4978
-0.206 0.027 -2.4927
-0.205 0.942 -2.4303
-0.201 0.046 -2.1368
-0.199 -0.962 -1.9754
-0.196 0.282 -2.6491
-0.193 -0.081 -2.1789
-0.193 0.18 -2.0077
-0.193 0.764 -2.1757
-0.191 0.338 -2.5762
-0.187 -0.051 -2.2086
-0.187 0.646 -2.1377
-0.185 0.626 -2.0391
-0.184 -0.633 -2.4309
-0.18 -0.089 -2.3219
-0.179 0.409 -2.2521
-0.178 -0.532 -2.3352
-0.177 0.662 -2.0169
-0.176 0.32 -2.2589
-0.174 -0.107 -2.6736
-0.171 -0.301 -2.2973
-0.171 0.101 -2.478
-0.169 -0.574 -2.022
-0.169 -0.515 -2.3489
-0.168 0.118 -2.5191
-0.167 0.198 -1.8366
-0.167 0.23 -1.968
-0.162 -0.6 -2.1282
-0.159 0.192 -2.0528
-0.158 -0.611 -2.1307
-0.155 -0.405 -2.0462
-0.149 -0.551 -2.4466
-0.144 -0.167 -2.3278
-0.141 0.442 -2.5837
-0.141 0.573 -1.9922
-0.14 -0.634 -2.2056
-0.14 -0.197 -2.4789
-0.138 -0.396 -1.8273
-0.137 -0.321 -2.1207
-0.137 0.644 -1.9395
-0.135 -0.171 -2.0372
-0.134 -0.411 -1.9381
-0.134 0.754 -2.021
-0.131 0.174 -2.2181
-0.128 -0.121 -2.1006
-0.126 -0.332 -1.7882
-0.125 -0.772 -2.06
-0.125 -0.274 -2.3516
-0.122 0.218 -1.8314
-0.121 -0.817 -2.0408
-0.12 0.378 -2.1467
-0.119 -0.708 -2.0979
-0.116 -0.602 -1.9679
-0.116 -0.056 -2.0689
-0.113 -0.077 -2.2403
-0.108 0.995 -2.1706
-0.106 0.027 -1.811
-0.104 0.492 -2.277
-0.103 -0.664 -2.3614
-0.103 0.765 -2.3922
-0.102 -0.498 -2.1106
-0.1 0.605 -2.1517
-0.099 -0.151 -1.9793
-0.098 0.579 -1.9061
-0.097 -0.162 -2.0936
-0.096 -0.921 -1.9809
-0.095 0.07 -1.6819
-0.092 -0.819 -1.8643
-0.092 0.669 -1.8674
-0.089 -0.4 -2.2955
-0.089 0.564 -1.8424
-0.088 -0.49 -2.1867
-0.087 0.111 -2.1034
-0.084 0.538 -2.3322
-0.081 0.385 -1.9531
-0.078 -0.079 -1.913
-0.075 -0.419 -1.8627
-0.071 0.159 -2.05
-0.07 -0.674 -2.1005
-0.068 -0.892 -1.7621
-0.065 -0.169 -1.968
-0.065 0.685 -2.1522
-0.064 0.051 -2.0245
-0.062 -0.621 -1.79
-0.062 0.799 -2.0266
-0.06 0.63 -2.0055
-0.059 -0.676 -2.0009
-0.058 -0.443 -2.1194
-0.057 0.688 -1.8655
-0.055 -0.365 -2.4461
-0.053 -0.443 -1.9917
-0.053 -0.237 -1.9144
-0.049 0.947 -2.2872
-0.047 -0.321 -1.9419
-0.045 -0.504 -1.8382
-0.044 -0.985 -2.0815
-0.043 -0.938 -1.9012
-0.041 0.973 -2.1033
-0.036 -0.856 -2.1804
-0.035 -0.369 -2.3384
-0.034 0.057 -1.9814
-0.033 0.061 -2.1578
-0.033 0.169 -2.0709
-0.026 0.77 -2.1747
-0.025 -0.501 -1.8915
-0.019 -0.188 -1.838
-0.018 0.479 -2.0226
-0.017 -0.199 -1.9809
-0.017 0.373 -1.9723
-0.015 -0.853 -2.1208
-0.009 0.444 -1.6054
-0.009 0.529 -2.2568
-0.007 0.718 -2.0578
-0.004 -0.553 -1.8613
0.002 -0.149 -2.1084
0.003 -0.284 -1.9875
0.003 0.85 -1.8076
0.006 -0.885 -2.0184
0.006 -0.241 -2.1355
0.006 -0.12 -1.7269
0.007 -0.531 -2.3514
0.008 0.365 -1.6275
0.01 -0.732 -1.8236
0.011 -0.896 -2.0284
0.012 -0.646 -2.0478
0.012 -0.586 -2.0359
0.015 0.347 -1.7227
0.016 0.707 -1.7796
0.018 -0.277 -1.9853
0.018 -0.25 -2.0386
0.023 -0.92 -1.9878
0.024 -0.113 -2.0802
0.025 0.466 -1.6672
0.027 -0.075 -2.2725
0.031 0.659 -2.072
0.037 -0.049 -1.816
0.038 -0.974 -2.0603
0.04 -0.287 -1.4658
0.042 0.741 -2.2795
0.049 -0.334 -2.3007
0.054 -0.832 -1.9264
0.056 -0.21 -2.2851
0.06 -0.444 -2.0183
0.064 -0.784 -2.284
0.064 0.698 -2.2947
0.066 0.093 -1.7126
0.066 0.89 -1.7187
0.069 0.961 -1.8634
0.07 0.339 -1.8958
0.071 0.965 -1.8897
0.072 -0.527 -2.1915
0.074 -0.998 -2.062
0.075 -0.145 -1.9044
0.077 0.907 -2.1615
0.078 -0.379 -1.9063
0.078 0.677 -1.8501
0.079 0.423 -1.8702
0.083 -0.038 -2.0366
0.084 -0.135 -2.4988
0.085 0.147 -2.3943
0.085 0.18 -2.1874
0.085 0.844 -1.8954
0.088 0.175 -2.2232
0.089 -0.53 -1.785
0.09 0.274 -1.8164
0.091 0.269 -1.8737
0.092 -0.678 -1.7036
0.094 0.659 -2.315
0.1 -0.181 -2.2033
0.105 0.21 -1.9069
0.107 0.977 -1.8375
0.108 -0.766 -2.1154
0.111 0.532 -1.912
0.114 -0.366 -2.1105
0.119 0.758 -2.1319
0.125 -0.681 -2.2787
0.13 -0.357 -1.9358
0.131 -0.436 -1.7894
0.135 -0.219 -2.0004
0.136 -0.897 -1.8949
0.143 0.068 -2.0386
0.144 0.18 -2.0157
0.145 -0.916 -2.5149
0.15 -0.914 -2.2
0.155 -0.814 -2.2765
0.157 -0.088 -2.0582
0.158 -0.882 -2.3831
0.158 -0.153 -2.3412
0.16 0.11 -2.031
0.161 -0.921 -1.9599
0.161 -0.84 -2.4273
0.162 0.727 -2.296
0.164 -0.098 -1.9815
0.166 -0.477 -2.2353
0.166 -0.182 -2.1277
0.169 -0.8 -2.3589
0.169 0.805 -2.5
0.174 -0.202 -1.7881
0.174 -0.053 -2.3223
0.177 -0.029 -2.4546
0.183 0.958 -2.2794
0.186 -0.022 -2.4486
0.187 -0.886 -2.1249
0.187 0.381 -2.0038
0.191 -0.123 -2.2551
0.192 0.311 -2.3012
0.194 0.898 -2.0877
0.196 -0.004 -1.9987
0.197 -0.755 -2.2532
0.203 0.152 -2.4757
0.207 0.417 -2.4363
0.207 0.617 -2.4466
0.208 -0.633 -2.2614
0.208 0.728 -2.4721
0.211 0.727 -2.3441
0.214 -0.202 -1.8508
0.214 0.104 -2.297
0.214 0.849 -2.0685
0.215 0.662 -2.4891
0.218 -0.005 -2.4322
0.223 -0.353 -2.233
0.225 -0.206 -2.1041
0.227 -0.907 -2.3617
0.23 0.349 -2.2488
0.233 -0.373 -2.4171
0.236 0.505 -2.572
0.24 -0.274 -2.2969
0.241 -0.212 -2.3965
0.242 -0.492 -2.6179
0.245 0.51 -1.944
0.247 -0.148 -2.159
0.255 0.744 -2.3936
0.258 -0.864 -2.5739
0.261 -0.301 -2.2514
0.261 0.654 -2.6291
0.262 -0.959 -2.2325
0.262 -0.362 -1.9873
0.262 0.849 -2.4473
0.264 0.185 -1.9928
0.265 -0.595 -2.6041
0.266 0.524 -1.9738
0.267 -0.331 -2.4611
0.274 0.525 -2.5767
0.276 0.039 -2.3412
0.28 -0.787 -2.4974
0.28 -0.292 -2.0412
0.285 -0.244 -2.3815
0.286 0.751 -2.3047
0.289 -0.684 -2.323
0.289 0.661 -2.387
0.289 0.771 -2.5202
0.291 -0.798 -2.8017
0.292 -0.583 -2.0456
0.293 0.832 -2.3853
0.293 0.835 -2.4044
0.294 -0.223 -2.3552
0.294 -0.137 -2.0057
0.296 -0.57 -2.6412
0.296 0.514 -2.1594
0.297 -0.345 -2.2564
0.3 0.235 -2.3519
0.306 0.31 -2.2436
0.307 -0.664 -2.4596
0.307 -0.489 -2.2466
0.307 -0.392 -2.4539
0.308 -0.399 -2.3102
0.311 0.542 -2.1777
0.311 0.753 -2.6577
0.318 -0.936 -2.3896
0.318 -0.75 -2.3673
0.319 0.708 -2.4606
0.322 0.516 -2.884
0.323 0.688 -2.3079
0.324 -0.003 -2.3285
0.325 0.118 -2.498
0.327 -0.199 -2.1941
0.327 0.418 -2.1105
0.329 -0.296 -2.5488
0.332 -0.178 -2.5021
0.34 -0.102 -2.4862
0.341 -0.418 -2.4191
0.341 -0.369 -2.135
0.344 -0.357 -2.8166
0.344 0.013 -2.3456
0.345 0.812 -2.2794
0.347 0.252 -2.3262
0.351 -0.104 -2.8281
0.355 -0.283 -2.6968
0.355 0.335 -2.2681
0.356 -0.973 -2.4438
0.356 0.956 -2.2841
0.358 0.144 -2.4306
0.358 0.609 -2.3273
0.359 0.451 -2.5436
0.362 0.523 -2.6574
0.368 0.106 -2.4894
0.371 -0.467 -2.3288
0.372 0.572 -2.0792
0.38 -0.53 -2.5946
0.382 0.697 -2.6078
0.385 0.043 -2.5557
0.385 0.944 -2.4582
0.387 -0.238 -2.3267
0.388 -0.24 -2.1808
0.391 -0.672 -2.4637
0.391 0.316 -2.5533
0.395 0.798 -2.3585
0.399 -0.966 -2.7397
0.399 -0.776 -2.7228
0.4 -0.212 -2.4673
0.401 0.735 -2.9271
0.402 -0.958 -2.8175
0.402 0.139 -2.4609
0.403 -0.771 -2.7143
0.408 0.818 -2.2988
0.409 -0.636 -2.5454
0.41 0.976 -2.3616
0.413 0.551 -2.6272
0.416 0.927 -2.4808
0.419 -0.924 -2.1385
0.421 0.436 -2.7341
0.429 -0.235 -2.6601
0.429 -0.201 -2.5375
0.432 0.775 -2.515
0.432 0.8 -2.76
0.432 0.919 -2.487
0.44 -0.254 -2.6043
0.441 0.495 -2.7057
0.441 0.849 -2.2895
0.442 -0.92 -2.6246
0.442 0.327 -2.574
0.443 -0.734 -2.8502
0.444 -0.307 -2.6044
0.444 -0.286 -2.3607
0.444 -0.222 -2.5668
0.448 -0.02 -2.5768
0.45 -0.441 -2.5129
0.458 -0.985 -2.5487
0.459 -0.579 -2.6149
0.459 0.353 -2.4505
0.461 0.509 -2.4166
0.463 0.893 -2.885
0.464 0.797 -2.5094
0.468 -0.113 -2.2325
0.469 0.461 -2.751
0.472 -0.878 -2.4518
0.473 0.669 -2.8034
0.474 0.847 -2.4071
0.479 0.5 -2.5643
0.48 -0.768 -2.563
0.483 0.382 -2.2567
0.491 0.761 -2.5071
0.492 -0.536 -2.1268
0.492 -0.419 -2.1151
0.492 0.304 -2.2225
0.492 0.321 -2.2791
0.494 -0.963 -2.5852
0.494 -0.328 -2.2156
0.496 0.557 -2.3435
0.496 0.678 -2.6596
0.498 0.682 -1.9449
0.5 -0.21 -2.5698
0.504 0.46 -2.2319
0.508 -0.156 -2.2387
0.513 -0.806 -2.2734
0.517 -0.644 -2.2392
0.518 -0.433 -2.3047
0.52 -0.694 -2.2037
0.521 -0.44 -2.302
0.521 -0.131 -2.3917
0.524 0.715 -2.1757
0.528 -0.919 -2.4202
0.53 -0.304 -2.2496
0.53 0.909 -2.2577
0.531 -0.202 -2.1591
0.533 0.315 -2.0834
0.535 -0.715 -2.5428
0.535 -0.238 -2.4234
0.536 0.201 -2.4119
0.536 0.616 -2.4835
0.538 0.207 -2.4016
0.541 -0.191 -2.1195
0.543 -0.312 -2.6694
0.549 -0.328 -2.5209
0.553 -0.294 -1.9662
0.554 -0.331 -2.3299
0.559 0.391 -2.3859
0.565 0.978 -2.1132
0.566 0.79 -2.2153
0.568 0.341 -2.3404
0.572 0.585 -2.1625
0.579 0.252 -1.8634
0.58 -0.813 -2.1011
0.582 -0.743 -2.3558
0.583 -0.556 -2.0183
0.583 0.585 -2.1087
0.584 0.217 -2.1888
0.585 -0.569 -2.0545
0.585 0.595 -2.2417
0.586 -0.302 -2.0947
0.587 -0.28 -1.7923
0.588 -0.597 -2.1784
0.588 0.328 -2.1208
0.593 0.423 -2.3228
0.596 -0.203 -1.8365
0.599 -0.325 -1.9282
0.599 0.24 -2.1159
0.602 -0.682 -2.4798
0.603 -0.195 -2.3911
0.605 -0.973 -1.7855
0.607 0.87 -1.828
0.609 -0.943 -1.9255
0.611 -0.556 -1.7322
0.617 -0.076 -2.1023
0.618 0.559 -2.2283
0.621 -0.574 -1.6761
0.623 -0.32 -1.8763
0.625 0.017 -1.9626
0.631 -0.605 -1.4453
0.637 -0.912 -1.7215
0.638 0.743 -1.8622
0.639 0.128 -2.2522
0.641 -0.128 -1.9861
0.642 0.693 -1.9068
0.643 0.21 -1.6185
0.646 0.535 -1.6598
0.647 -0.516 -1.9415
0.647 0.805 -1.7293
0.648 -0.927 -1.5779
0.649 -0.625 -1.8552
0.651 -0.573 -1.74
0.651 -0.378 -1.858
0.654 0.331 -1.3799
0.655 -0.44 -2.0629
0.655 0.496 -1.3133
0.656 0.75 -1.6082
0.657 0.916 -2.0021
0.658 0.931 -1.9201
0.659 -0.707 -1.212
0.661 -0.984 -1.8522
0.662 0.614 -1.8805
0.663 -0.906 -1.3169
0.663 0.165 -1.4682
0.663 0.574 -1.35
0.668 -0.476 -1.7055
0.673 0.44 -1.805
0.674 0.698 -1.3565
0.675 -0.469 -1.619
0.675 -0.459 -1.5801
0.687 -0.647 -1.5319
0.688 0.274 -1.4319
0.689 -0.143 -1.5344
0.689 0.446 -1.4027
0.694 -0.905 -1.3584
0.698 0.907 -1.3348
0.699 -0.576 -1.6484
0.699 0.769 -1.3229
0.7 0.378 -1.5803
0.703 0.155 -1.8756
0.705 -0.273 -1.8163
0.706 -0.918 -1.2659
0.712 -0.861 -1.3798
0.716 0.677 -1.4202
0.717 0.911 -1.5533
0.719 0.05 -1.4045
0.719 0.431 -1.1744
0.72 -0.169 -1.1664
0.721 -0.469 -1.0657
0.728 0.029 -1.073
0.729 -0.701 -1.025
0.73 0.668 -1.1371
0.734 -0.306 -1.1269
0.735 -0.991 -1.2217
0.735 0.301 -1.2259
0.736 -0.603 -1.3222
0.738 -0.87 -1.143
0.739 -0.525 -1.1435
0.739 0.103 -0.97596
0.74 -0.959 -1.0061
0.742 -0.387 -1.1183
0.743 -0.252 -1.3023
0.745 0.267 -0.92661
0.746 -0.934 -1.1306
0.748 0.934 -1.206
0.749 -0.456 -0.95738
0.75 0.029 -1.129
0.752 0.98 -0.9846
0.753 0.927 -1.2651
0.754 0.975 -0.9325
0.759 -0.769 -1.1344
0.76 -0.933 -1.021
0.76 -0.768 -0.7112
0.76 0.791 -0.91922
0.763 -0.586 -0.79307
0.763 -0.209 -1.0264
0.765 -0.487 -1.4002
0.765 -0.479 -1.0338
0.765 0.724 -0.66593
0.766 -0.316 -0.99765
0.767 0.572 -0.84234
0.769 0.703 -0.80774
0.772 0.106 -0.88142
0.772 0.472 -0.65544
0.773 0.875 -0.86589
0.774 -0.572 -0.78053
0.78 -0.712 -0.79436
0.781 -0.85 -0.63717
0.784 0.078 -0.73606
0.792 -0.517 -0.57819
0.797 -0.455 -0.40271
0.799 -0.946 -0.43501
0.801 0.513 -0.80329
0.802 0.539 -0.75918
0.803 0.778 -0.57175
0.804 0.025 -0.57025
0.807 0.94 -0.36047
0.81 -0.935 -0.68034
0.812 -0.027 -0.48636
0.812 0.382 -0.58286
0.817 0.785 -0.8431
0.823 0.893 -0.52875
0.829 0.131 -0.50545
0.832 -0.184 0.20631
0.833 -0.836 -0.10906
0.833 0.237 -0.34423
0.836 0.412 -0.40483
0.839 -0.688 -0.49677
0.84 0.124 -0.10991
0.841 0.801 -0.22285
0.843 -0.97 -0.17671
0.843 0.555 -0.42732
0.847 0.095 0.089494
0.847 0.75 -0.15417
0.847 0.818 0.0041938
0.849 0.158 -0.25401
0.849 0.266 0.20462
0.854 -0.505 -0.0024482
0.855 -0.23 0.29152
0.856 -0.456 -0.10736
0.857 0.839 0.096403
0.857 0.904 0.27235
0.858 -0.063 -0.023764
0.862 0.444 0.43497
0.863 0.837 0.1757
0.864 0.786 -0.10473
0.869 -0.151 -0.12248
0.869 -0.101 0.10065
0.869 0.206 -0.021329
0.876 -0.746 0.51143
0.876 -0.586 0.46302
0.876 0.903 0.27763
0.877 0.112 0.32858
0.88 -0.733 0.098304
0.881 -0.973 0.066521
0.882 -0.969 0.4634
0.888 -0.388 0.34344
0.89 -0.309 0.43138
0.891 -0.093 0.26479
0.893 -0.732 0.39764
0.897 -0.649 0.1714
0.897 -0.241 0.38788
0.897 0.426 0.47314
0.898 0.717 0.65796
0.899 0.562 0.40561
0.902 0.064 0.47739
0.902 0.258 0.58155
0.903 -0.269 0.73255
0.906 -0.481 0.5094
0.91 -0.892 0.44935
0.912 0.956 0.64096
0.914 -0.695 0.77295
0.914 -0.649 0.3447
0.916 -0.414 0.78966
0.916 -0.02 0.45211
0.917 -0.449 0.59722
0.923 -0.512 1.1555
0.923 0.667 0.69786
0.924 -0.049 0.48888
0.925 -0.115 0.72995
0.926 0.75 0.76177
0.937 -0.139 1.0768
0.938 -0.363 0.85224
0.939 -0.487 1.0368
0.939 0.79 0.8832
0.942 -0.12 0.79328
0.944 -0.426 0.98714
0.945 0.727 0.96782
0.948 0.284 1.0535
0.95 -0.318 0.92468
0.951 0.288 0.95859
0.952 -0.997 1.1313
0.955 0.477 0.88344
0.958 0.603 1.1614
0.959 -0.649 0.99035
0.96 -0.203 0.8953
0.96 0.877 1.0967
0.962 -0.807 1.4683
0.964 -0.835 1.0491
0.966 -0.976 0.95154
0.966 0.942 1.1627
0.968 -0.01 1.2396
0.969 -0.156 1.4242
0.972 -0.756 1.4334
0.972 -0.4 1.3012
0.974 -0.256 1.4103
0.978 -0.457 1.1571
0.981 -0.96 1.5086
0.983 0.063 1.4347
0.987 0.131 1.3952
0.988 -0.972 1.0977
0.988 0.338 1.2149
0.994 -0.431 1.6481
0.998 0.26 1.5017
