-6.3248,10.859,1
-4.2151,12.237,1
1.3588,10.843,1
-7.9317,11.963,1
-2.277,7.2648,1
-4.9844,9.803,1
-6.5109,10.982,1
-3.4569,14.326,1
-3.6047,10.991,1
-7.6928,6.9722,1
-7.9528,11.621,1
-3.0257,14.511,1
-1.5969,13.462,1
-3.3725,9.8188,1
-4.1361,9.0772,1
-7.3816,6.7356,1
0.98037,10.999,1
0.14725,11.849,1
-5.2991,10.035,1
-3.8893,10.953,1
-0.32533,12.408,1
-6.8908,5.2934,1
0.30956,11.787,1
-7.3346,11.627,1
-8.3455,11.857,1
-2.589,7.7686,1
-6.5951,4.9141,1
-2.9501,8.5255,1
-3.5731,10.408,1
-7.9148,8.0611,1
-4.337,12.746,1
-0.33241,12.359,1
-2.3493,13.957,1
-7.7523,11.298,1
-3.3838,9.8145,1
0.59958,11.518,1
-3.9594,11.611,1
-7.4905,11.55,1
-7.4292,10.867,1
-7.8015,7.5686,1
-5.4462,10.204,1
-6.0501,10.618,1
0.59925,11.505,1
-4.7062,14.057,1
-8.0771,11.582,1
-3.4123,9.9931,1
1.0014,11.049,1
-4.5879,13.428,1
-4.285,12.151,1
-4.6961,14.177,1
-7.9458,11.771,1
1.3435,10.782,1
0.32902,11.639,1
-1.9422,13.591,1
-2.3415,13.855,1
-7.3061,11.261,1
0.12813,11.875,1
-4.0828,12.423,1
-8.5314,10.808,1
-8.4715,9.4129,1
-8.5252,10.189,1
-7.2543,6.3311,1
-1.1686,13.029,1
-0.54807,12.474,1
-4.5843,13.553,1
-8.1442,11.173,1
-3.7362,14.306,1
-7.9253,8.1348,1
-6.7375,5.117,1
-4.3746,13.559,1
-7.1292,11.237,1
-4.1895,13.918,1
-4.412,13.299,1
-4.6751,13.96,1
-7.9982,8.0603,1
-3.4264,14.681,1
-7.7771,11.704,1
-1.5927,13.489,1
-2.7674,14.106,1
-4.4654,12.446,1
-3.3,9.3749,1
-4.2659,12.541,1
-8.3014,10.84,1
-3.1899,8.7997,1
-3.534,14.793,1
-4.2616,12.548,1
-7.7865,7.8743,1
-9.1328,11.077,1
-7.6668,11.677,1
-4.2109,12.595,1
-4.3874,12.756,1
-4.7149,14.127,1
-6.7475,10.867,1
-1.8601,13.333,1
-8.8207,11.529,1
-8.3945,10.984,1
-4.3584,12.277,1
-7.5941,7.0326,1
-3.8273,10.895,1
-3.4382,14.143,1
-8.8486,11.905,1
-3.1367,14.036,1
-0.14203,12.035,1
-7.7667,11.417,1
-4.5686,13.635,1
-8.3302,10.461,1
-3.5356,8.6441,1
-0.0015088,12.12,1
-4.3374,11.863,1
-4.0731,11.377,1
-2.222,7.4794,1
0.75798,11.427,1
-4.3263,14.195,1
-1.0392,12.932,1
-8.3154,11.21,1
-3.7177,14.582,1
-0.58178,12.444,1
-3.6039,13.698,1
0.98797,11.237,1
-3.6939,10.264,1
-8.2484,8.3876,1
-7.7093,7.3978,1
-3.9127,14.378,1
-8.0748,11.123,1
-4.8411,15.011,1
-8.2832,11.356,1
-2.9287,8.1675,1
-3.6849,10.636,1
-4.9587,14.683,1
-4.3494,9.1861,1
-4.4824,13.452,1
-4.3925,9.4845,1
-3.0856,14.369,1
-7.9998,8.1147,1
-4.3714,12.772,1
-3.8558,11.879,1
-8.5477,10.077,1
-3.8514,10.599,1
-7.142,11.781,1
-0.85144,12.555,1
0.27034,11.568,1
0.6059,11.383,1
-8.7843,11.215,1
0.2501,11.749,1
-8.2612,9.3461,1
-2.927,14.42,1
-9.0838,12.429,1
-1.0966,13.051,1
-8.1378,11.549,1
-4.1731,11.84,1
-8.2807,11.199,1
-7.1492,11.319,1
-4.1624,14.253,1
-2.6196,8.0841,1
-3.289,14.461,1
-2.7046,13.971,1
-2.8309,14.007,1
-5.906,10.463,1
-4.0691,12.277,1
0.10808,11.88,1
-7.6023,11.35,1
-8.5956,10.822,1
-4.4778,13.154,1
-4.3129,14.544,1
0.46591,11.559,1
-6.0895,10.671,1
-3.6764,14.123,1
-6.6743,10.879,1
-8.4165,8.9623,1
-3.26,8.1543,1
-1.0782,12.922,1
-4.2113,14.479,1
-3.2091,14.436,1
-6.7714,11.333,1
-3.941,10.832,1
-2.7274,7.9329,1
-7.7234,11.775,1
0.50005,11.512,1
-3.0051,13.648,1
-3.1071,9.2684,1
-8.1597,8.9863,1
-2.3543,7.5495,1
-4.5671,9.4729,1
-4.4092,13.03,1
-3.6997,13.951,1
-4.2134,12.857,1
-4.0818,11.348,1
-6.8434,5.6175,1
-3.7774,10.263,1
-8.5842,10.849,1
-8.2546,9.8583,1
-2.7038,8.0972,1
-8.1977,11.861,1
-0.81997,12.956,1
-8.4432,10.053,1
-6.4803,10.748,1
-6.5326,10.945,1
-1.1317,12.879,1
-3.6309,10.836,1
-7.7375,7.2234,1
-4.4259,14.795,1
-3.9222,14.465,1
-7.8331,11.355,1
-3.9983,10.933,1
-7.4612,11.558,1
-8.6255,9.3977,1
-7.4795,11.125,1
-8.2068,11.655,1
-8.5674,9.9502,1
-4.4005,14.932,1
-6.4907,4.8355,1
-8.4488,10.924,1
-5.45,10.173,1
-4.7868,9.7448,1
-3.8162,10.69,1
-3.2395,8.3534,1
-3.4934,10.212,1
-8.3372,10.31,1
-3.1996,13.932,1
-7.2803,6.601,1
-8.3695,10.82,1
-3.7387,8.5182,1
-7.8371,7.2629,1
-8.1764,11.398,1
1.5336,10.493,1
-7.6724,11.876,1
-4.5454,9.3724,1
-2.9326,14.027,1
-6.8618,10.903,1
-8.5969,10.577,1
-4.3099,12.683,1
-2.4987,13.912,1
-4.5669,14.089,1
1.0013,11.159,1
-4.5613,14.465,1
0.12998,11.909,1
-7.2771,6.8152,1
-8.3873,9.7545,1
-2.5602,7.7839,1
-4.4339,12.291,1
-3.2476,9.5472,1
-3.2926,9.4848,1
-8.3877,9.9647,1
-6.9756,11.027,1
-7.238,11.35,1
-3.67,10.061,1
-3.9468,14.196,1
-3.9042,8.9238,1
-3.085,9.057,1
-4.5206,13.612,1
-7.0332,5.8429,1
-8.0054,8.9237,1
-4.0184,13.665,1
-7.165,6.235,1
-2.518,14.047,1
-1.9252,13.532,1
-4.4776,14.291,1
-7.267,6.5914,1
-7.4488,6.8947,1
-7.9214,7.3853,1
-7.5804,6.8667,1
-3.9545,14.399,1
-4.1995,14.216,1
-6.3874,10.927,1
-7.7285,7.5886,1
-7.9769,8.4101,1
-3.7007,10.375,1
-7.9448,11.658,1
-4.398,12.333,1
-4.3646,11.942,1
-4.2335,13.251,1
-4.7936,14.58,1
-6.6646,10.8,1
-7.0503,10.89,1
-7.1446,6.0488,1
-6.2769,10.7,1
-3.551,9.8797,1
-4.4961,13.506,1
-7.4267,7.1996,1
-3.2865,8.5696,1
0.79217,11.286,1
-6.8834,11.448,1
-7.044,5.9879,1
-2.3651,7.495,1
-7.9763,11.131,1
-7.9494,10.689,1
-7.4691,7.1848,1
-7.8023,7.4207,1
-8.3473,9.8891,1
-7.3654,6.092,1
-7.8155,11.634,1
-5.5793,10.134,1
-4.3555,13.23,1
-2.9283,9.0193,1
-3.6254,8.6219,1
0.97375,11.304,1
-4.3343,12.331,1
-4.3099,14.469,1
-5.8162,10.255,1
-8.4983,10.546,1
-3.8766,13.975,1
-4.1978,12.166,1
-7.2873,11.461,1
-7.5413,11.158,1
-5.2282,10.21,1
-2.2741,7.5535,1
-4.1679,13.864,1
-4.4086,12.962,1
-7.917,8.0373,1
-2.9994,8.9717,1
-3.3814,14.806,1
-7.4854,10.964,1
-4.4219,14.802,1
-4.1485,9.3953,1
-0.021931,11.757,1
-3.3397,14.476,1
-7.4822,7.1403,1
-6.6596,10.913,1
-4.6181,14.312,1
-4.141,14.205,1
-4.42,13.004,1
-7.4815,11.422,1
-2.7114,8.183,1
-4.2016,9.2689,1
-3.1454,9.3806,1
-0.18456,12.342,1
-8.7295,11.041,1
-3.3989,8.4706,1
0.87648,11.066,1
0.89074,11.195,1
-2.4989,14.069,1
-4.0633,11.452,1
-3.6666,11.303,1
-6.9476,11.27,1
-8.6783,10.602,1
-7.7638,8.0026,1
-5.9753,10.648,1
0.5751,11.567,1
-4.5302,14.587,1
0.79015,11.404,1
-8.2573,11.16,1
-7.9832,10.796,1
-0.32716,12.228,1
-0.15477,12.196,1
-2.7336,14.048,1
-3.7364,10.706,1
-6.6139,4.9283,1
-3.963,14.661,1
-8.6553,10.896,1
0.17083,11.871,1
-4.3024,14.035,1
-4.5105,13.066,1
-1.9452,13.605,1
-4.2419,11.132,1
-5.9325,10.659,1
-7.4273,6.941,1
-4.3389,9.2102,1
0.46215,11.67,1
-3.3632,14.13,1
-8.2092,8.7099,1
-5.8752,10.507,1
-3.5324,14.554,1
-6.836,11.166,1
-8.2813,10.945,1
-4.3807,13.306,1
1.0311,10.948,1
-7.2898,6.5518,1
-4.0603,11.723,1
-4.1124,12.743,1
-4.5548,9.2836,1
-4.1185,12.153,1
-0.88796,13.029,1
-3.7186,10.765,1
-6.2303,10.784,1
-7.4689,11.345,1
-3.7056,10.578,1
-3.6168,8.7283,1
-2.9485,7.9341,1
-6.8167,5.6524,1
-8.034,8.081,1
-3.8644,12.706,1
-4.1733,12.381,1
-1.1938,12.62,1
-8.4427,10.383,1
-2.0235,13.273,1
-7.1066,5.826,1
-4.2508,11.858,1
-4.7129,13.525,1
-2.8662,13.734,1
-3.9791,11.523,1
-3.4757,10.13,1
-1.3218,13.15,1
-7.0474,6.0267,1
-2.5665,8.0045,1
-7.6634,7.4253,1
0.049818,11.941,1
-5.3301,10.336,1
-8.0215,10.396,1
-7.8593,11.491,1
-5.0065,10.057,1
-7.5062,11.391,1
-3.7618,11.229,1
-4.2868,14.712,1
1.0923,11.098,1
-1.5386,13.375,1
-7.8953,8.3008,1
-4.0783,14.454,1
-7.241,11.362,1
-7.4878,7.2404,1
-4.394,13.431,1
-5.9673,3.9848,1
-8.7654,10.529,1
-3.7282,13.676,1
-6.8933,5.535,1
-4.1448,12.964,1
-7.9172,11.171,1
-6.1821,10.55,1
-0.83365,12.604,1
-6.1229,10.797,1
-3.5364,14.205,1
-4.8674,14.288,1
-3.898,13.292,1
-4.9723,9.952,1
-7.3088,6.3417,1
-7.5869,10.918,1
-4.0441,13.95,1
-2.0965,13.636,1
-3.1053,8.9558,1
-0.39298,12.388,1
-7.2246,6.4113,1
-7.6754,10.886,1
-4.0396,13.96,1
-1.6473,13.282,1
-6.7103,5.2282,1
-6.801,5.1625,1
-4.2874,12.106,1
-4.0883,12.22,1
-6.8968,5.7243,1
-6.4054,10.525,1
-5.67,10.374,1
-7.8923,10.191,1
-8.0398,11.694,1
-3.8684,10.743,1
-1.6153,13.366,1
-1.2312,13.135,1
-8.5519,10.568,1
-5.65,10.193,1
-3.4842,9.8545,1
1.8337,10.179,1
-6.5952,11.096,1
-2.8962,8.4889,1
-0.13948,12.226,1
-8.4903,9.846,1
-5.0019,9.6569,1
-8.7468,10.12,1
-1.2982,12.944,1
-8.5221,11.439,1
-0.69298,12.599,1
-0.13488,12.182,1
-6.8576,11.298,1
-4.3856,13.724,1
-4.3931,13.842,1
-3.0331,13.809,1
-8.1921,9.7627,1
-6.5488,4.9482,1
-3.1351,14.318,1
-7.8298,11.073,1
-2.9422,13.837,1
-7.213,11.3,1
1.2089,10.849,1
-4.884,14.354,1
-2.3317,13.827,1
-4.4853,14.368,1
-4.2104,11.727,1
-8.3157,11.998,1
-2.3082,13.932,1
-7.127,11.058,1
-3.6041,9.9889,1
-3.382,9.7064,1
-3.9693,11.986,1
-8.2988,9.0977,1
-3.8841,14.011,1
-4.0425,9.1037,1
-2.0768,13.491,1
0.96391,11.176,1
-0.24369,12.371,1
-5.3771,10.199,1
-7.9309,11.02,1
-7.9853,12.035,1
-8.6985,9.7752,1
-8.0481,8.4083,1
-2.5832,13.858,1
-1.8553,13.159,1
-7.9549,11.67,1
0.8481,11.135,1
-7.8561,11.56,1
-6.2323,10.607,1
-3.4977,14.927,1
-0.31954,12.386,1
-2.4466,13.83,1
-7.5647,11.725,1
-7.9357,8.8946,1
-3.4696,14.104,1
-5.6302,10.142,1
-3.609,13.766,1
-6.4204,10.977,1
-8.067,11.478,1
0.82832,11.092,1
-2.9886,8.678,1
-3.7198,14.028,1
-6.8425,10.734,1
-3.9184,14.451,1
-6.9313,10.965,1
-4.3896,14.317,1
-7.9087,8.0828,1
0.67724,11.391,1
0.38415,11.642,1
-5.9883,10.386,1
-8.0857,11.821,1
-4.229,12.297,1
-4.6887,14.088,1
-8.4574,8.6821,1
-4.503,12.689,1
-8.3142,9.8406,1
-4.5926,13.674,1
-8.0566,8.7811,1
0.25003,11.748,1
-7.8325,11.714,1
-2.7888,14.373,1
0.33032,11.82,1
-0.46614,12.415,1
-4.0962,14.139,1
-4.0919,9.0581,1
-8.0962,9.9937,1
-6.5878,11.083,1
-3.9909,11.553,1
-7.4286,11.808,1
-3.5525,14.37,1
-8.1528,10.516,1
-7.4061,11.644,1
-3.6648,10.159,1
-3.6767,8.7699,1
-3.7658,14.152,1
-4.5019,12.733,1
-1.1613,12.826,1
-3.8206,8.9421,1
-8.7921,10.653,1
-3.8623,11.607,1
-6.5928,5.0938,1
-8.5785,10.37,1
-7.9512,8.1122,1
-6.6865,11.187,1
-4.018,10.997,1
-7.6327,6.9123,1
-4.162,11.396,1
-4.0617,15.067,1
-4.1899,13.763,1
-8.7283,10.943,1
-8.3838,11.535,1
-8.315,11.657,1
-7.6415,7.2823,1
-8.4965,11.433,1
-3.0326,8.7558,1
0.1206,11.627,1
-3.6982,9.8768,1
-3.927,11.57,1
-3.3204,14.021,1
0.08857,11.815,1
-3.8689,10.994,1
-4.1208,11.731,1
-4.0455,8.9977,1
-4.0065,13.48,1
-4.2631,13.926,1
-8.3578,9.2626,1
-4.2872,14.156,1
-3.717,10.805,1
-8.8176,11.766,1
-3.5746,8.6487,1
-8.5588,11.076,1
-3.1291,14.2,1
-4.3194,12.534,1
-0.89057,12.814,1
-4.4596,13.335,1
-4.4305,13.939,1
-3.4411,10.172,1
-1.7884,13.229,1
-8.4595,9.7021,1
-8.7669,10.595,1
-6.2319,10.945,1
0.17178,11.62,1
-6.5712,11.121,1
-2.5391,13.838,1
-3.3978,14.281,1
-7.8342,7.899,1
-4.5039,12.864,1
-4.3144,13.312,1
-7.9633,11.557,1
-6.733,5.1408,1
-1.8138,13.419,1
-6.0747,10.976,1
-4.1663,14.388,1
1.6925,10.416,1
-7.0122,5.5819,1
-3.3364,9.3316,1
-3.0475,14.355,1
-2.3689,13.599,1
-8.2104,11.497,1
-4.0688,8.9636,1
-3.6766,14.245,1
-7.0289,6.1807,1
-8.145,11.057,1
-8.3257,10.541,1
-3.4473,8.4944,1
-4.0808,12.043,1
-4.5078,13.489,1
-7.3769,6.708,1
-3.9951,13.668,1
-4.0258,9.0373,1
-1.4312,13.114,1
-8.2322,11.14,1
-4.4686,9.3716,1
-3.8406,11.083,1
-5.9902,10.351,1
-8.9533,11.68,1
-7.4959,7.5242,1
-4.1824,14.022,1
-1.8779,13.423,1
-3.221,8.3181,1
-8.3139,11.09,1
-3.6943,10.306,1
-8.5713,10.949,1
-8.7941,10.328,1
-4.3411,14.725,1
-5.3628,10.292,1
1.3455,10.756,1
-8.4418,10.004,1
-4.2221,9.0391,1
-3.2641,9.3043,1
-4.7976,14.469,1
-8.1528,8.8741,1
-4.3839,13.025,1
-8.5377,9.478,1
-4.6293,12.444,1
-6.1971,10.653,1
1.8839,10.109,1
-6.2217,10.764,1
-2.6113,8.0873,1
-3.1695,9.2202,1
-7.1571,11.624,1
-3.6099,14.375,1
-8.079,10.361,1
-7.87,7.5497,1
-8.1044,11.117,1
-4.3758,14.429,1
-3.7723,14.106,1
-4.5852,13.25,1
-0.66486,12.464,1
-8.1623,10.386,1
-4.3317,12.697,1
-4.7501,14.309,1
-8.2135,11.099,1
-4.3613,14.342,1
-3.1814,13.884,1
-8.6326,10.583,1
-7.9263,7.9384,1
-3.84,14.32,1
-4.7362,9.5226,1
-6.0524,10.553,1
-4.2748,12.253,1
-8.6847,11.442,1
-3.9428,14.197,1
-4.6833,13.385,1
-8.1076,11.413,1
-7.0454,11.172,1
-3.9604,14.39,1
-4.2921,13.888,1
-3.162,8.2921,1
-8.2808,8.9757,1
-3.3788,13.76,1
-7.6246,7.2532,1
-1.5893,13.466,1
-4.1848,13.773,1
-6.9204,11.375,1
-6.4213,10.722,1
-3.4276,14.386,1
-4.1696,13.706,1
-7.7013,7.8692,1
-3.8798,13.558,1
-8.6208,11.186,1
-3.6971,8.6441,1
-2.5432,7.8108,1
-8.0873,11.904,1
-3.6162,14.004,1
-3.1358,9.2707,1
-3.0875,8.264,1
-3.5343,10.05,1
-4.4546,13.476,1
-8.261,10.201,1
-7.9223,8.4368,1
-8.0694,11.364,1
-7.9003,11.422,1
-2.9718,8.7158,1
-3.1134,13.834,1
-7.9841,8.1719,1
-8.3155,10.311,1
-8.2389,10.706,1
-4.5543,13.128,1
-2.299,13.628,1
-3.3786,14.002,1
-1.1159,12.873,1
-7.0483,5.9332,1
-4.5623,14.255,1
-4.1385,11.137,1
-5.5571,10.182,1
-4.1921,14.729,1
-7.9875,8.6344,1
-8.0357,8.6551,1
-7.2444,10.652,1
-4.4663,14.524,1
-3.1624,9.2827,1
-8.3432,9.05,1
-2.7962,8.4256,1
-4.3771,13.01,1
-8.8231,10.495,1
-2.4507,7.7389,1
-6.3242,10.867,1
-4.1561,9.1055,1
-4.2036,11.57,1
0.8943,11.243,1
-8.1378,9.0178,1
-7.6378,11.194,1
-3.823,14.594,1
-4.0691,12.322,1
-8.5626,10.421,1
-7.1583,11.145,1
0.43347,11.625,1
-7.7863,7.7606,1
-2.6183,13.994,1
-4.6858,13.017,1
-6.9568,11.171,1
-2.9132,8.6972,1
-3.9023,14.389,1
-8.4845,11.403,1
0.43068,11.659,1
-3.0559,8.0981,1
-2.8014,8.2144,1
-7.3033,11.588,1
-6.6982,11.001,1
-6.2289,4.6449,1
-3.1696,9.6561,1
-8.3194,11.178,1
-8.5437,11.676,1
-3.4889,10.125,1
-3.956,11.099,1
-4.4076,12.421,1
-4.2293,13.865,1
-8.5576,10.93,1
-3.2919,9.7085,1
-4.1967,14.065,1
-6.4054,11.055,1
-7.3117,11.277,1
-3.9613,13.681,1
-1.2176,12.877,1
-2.6646,14.175,1
-7.351,11.417,1
-2.988,9.1764,1
-3.7827,14.531,1
-7.8651,8.357,1
-3.8188,9.0972,1
-3.8321,8.9825,1
0.92355,11.061,1
-2.9926,14.223,1
-3.3405,9.9685,1
-4.4457,14.122,1
-8.1209,10.767,1
-3.6857,10.191,1
-1.5963,13.261,1
-4.34,12.445,1
-4.4461,12.785,1
-2.7648,8.1025,1
-0.31379,12.245,1
-0.76821,12.75,1
-8.3744,9.1593,1
-8.0349,10.458,1
-3.3049,8.4144,1
-0.35687,12.481,1
-4.289,13.918,1
-8.454,9.6043,1
-3.3746,13.966,1
-8.3368,8.7864,1
-4.5331,13.943,1
-3.539,10.196,1
-4.0922,14.312,1
-3.7118,8.7633,1
-8.4886,9.6398,1
-7.8765,8.1514,1
-8.5553,10.699,1
-3.2315,8.6595,1
-7.2171,6.2267,1
-2.579,13.85,1
-6.4923,10.947,1
-8.4478,11.281,1
-8.1836,11.836,1
-4.4124,14.717,1
-3.8977,11.46,1
-7.6349,7.5178,1
-3.2759,9.5523,1
-8.166,11.029,1
-8.0706,11.709,1
-4.5361,13.789,1
-3.7073,10.054,1
-0.3184,12.191,1
-3.1719,9.3623,1
-4.5971,14.503,1
-4.1496,13.279,1
-8.5495,10.597,1
-8.0981,11.002,1
-8.3338,9.3696,1
-8.6577,10.401,1
-7.1083,10.617,1
-4.5472,13.493,1
-7.8039,7.207,1
-3.6474,14.042,1
-2.2063,13.662,1
-4.2999,12.538,1
-3.7166,13.785,1
-6.787,5.5005,1
-4.6396,13.823,1
-1.7627,13.423,1
-2.6267,7.6667,1
-8.4381,9.9914,1
-4.0066,13.581,1
-8.3787,10.245,1
-8.301,10.598,1
-3.9156,13.706,1
-2.4555,14.308,1
-7.4239,11.289,1
-6.0928,10.399,1
-8.6524,10.42,1
-4.3327,13.947,1
-7.9549,8.3297,1
-4.739,13.615,1
-1.1018,12.951,1
-4.0593,11.431,1
-4.3728,12.374,1
-3.5914,10.019,1
-8.6371,10.154,1
-3.7671,13.779,1
-8.7619,10.19,1
-4.3143,9.2364,1
-3.748,11.036,1
-4.2676,12.35,1
-7.0644,6.4262,1
-4.3258,14.656,1
-4.201,12.666,1
-6.8174,11.067,1
-7.1279,11.147,1
-4.3952,14.867,1
-8.2402,10.85,1
-8.7749,10.129,1
-8.0146,7.9638,1
-4.5062,13.937,1
-6.8799,11.406,1
-3.8125,9.0138,1
-8.5264,9.9269,1
-8.3369,8.5763,1
-2.5131,7.5668,1
-7.9592,7.6454,1
-3.6228,9.8469,1
-8.2046,10.892,1
-2.8282,13.871,1
-8.6944,11.472,1
-3.8471,10.477,1
-3.6529,10.562,1
-3.9562,14.226,1
-2.8763,7.8555,1
-8.5518,10.878,1
-7.5375,11.443,1
0.93873,11.06,1
-4.1099,11.958,1
-8.0808,11.241,1
-2.7642,8.4803,1
-8.2873,10.633,1
-7.4866,6.7858,1
-3.1862,14.428,1
0.53746,11.547,1
-4.63,14.125,1
-8.4915,10.452,1
-3.5415,10.114,1
-7.2088,11.387,1
-3.3438,14.232,1
-6.3965,11.015,1
-6.8162,5.2306,1
-7.7441,11.602,1
-2.7141,8.2474,1
-7.2142,6.0368,1
-6.069,10.753,1
-3.9328,10.817,1
-0.88322,12.879,1
-3.5771,8.8216,1
-8.5173,10.772,1
-4.3465,9.4241,1
-4.0853,11.075,1
0.20787,11.814,1
-3.3291,9.8087,1
-3.8738,9.0744,1
-4.0697,12.494,1
-3.0886,13.992,1
0.49234,11.636,1
-6.4862,4.77,1
-7.7396,11.472,1
-2.4824,7.632,1
-8.6368,10.043,1
-7.1783,5.7674,1
-7.8012,10.847,1
-6.4188,10.873,1
-8.4267,10.514,1
-3.0419,8.9884,1
-3.8688,8.8031,1
-4.0953,14.695,1
-8.5406,9.3946,1
-0.22963,12.13,1
-3.0128,8.1673,1
-8.29,11.274,1
-4.4227,13.808,1
-2.4981,7.6742,1
-4.1266,14.173,1
-8.4203,11.538,1
-2.6606,8.2137,1
-4.5255,12.771,1
-8.0775,10.815,1
-8.2135,9.0831,1
1.074,11.025,1
-4.3069,12.237,1
0.53537,11.507,1
-6.9429,5.519,1
-4.8471,9.8856,1
-4.4519,13.225,1
-4.5723,13.046,1
-5.25,9.9002,1
-8.1188,8.8058,1
-6.8402,11.214,1
-0.24191,12.21,1
0.47276,11.673,1
-3.6889,10.88,1
-4.5297,9.4461,1
-7.8961,8.0093,1
-3.5681,14.398,1
0.32792,11.804,1
-4.4449,9.3877,1
-8.7189,10.616,1
-3.3937,14.549,1
-8.337,11.306,1
-0.82633,12.627,1
-3.8022,13.923,1
-0.89518,12.92,1
-7.7031,11.242,1
-7.8436,8.0189,1
-3.8026,10.881,1
-4.5679,13.82,1
-4.2905,11.99,1
-3.7197,10.458,1
-5.7574,10.516,1
-7.5866,11.668,1
-3.8727,13.638,1
-0.72094,12.701,1
-8.8046,10.733,1
-4.6166,9.4138,1
-4.1586,9.251,1
-4.3589,14.843,1
-4.6133,9.4912,1
-3.3341,8.3249,1
-3.9144,10.662,1
-3.9652,11.542,1
-3.2072,9.3542,1
-8.4282,10.957,1
-3.9657,10.751,1
-3.5668,14.354,1
-8.3038,9.0572,1
-2.7514,8.2976,1
-3.4643,10.94,1
1.327,10.871,1
-8.1195,8.8027,1
-4.5353,13.692,1
-3.8777,9.163,1
-3.2089,9.3306,1
-6.0475,10.669,1
-8.0194,8.3221,1
-8.5548,10.072,1
-3.3975,9.6348,1
-8.5629,11.607,1
-3.5766,13.779,1
-3.3704,10.748,1
-0.13154,12.235,1
-1.1254,12.886,1
-4.92,14.014,1
-7.315,6.5449,1
-6.5902,11.012,1
-4.3435,13.775,1
-2.0109,13.629,1
-6.1622,10.494,1
-8.6664,10.374,1
-2.2611,13.641,1
-4.4061,13.235,1
-8.8996,11.659,1
-3.4,14.599,1
-4.1843,12.344,1
-7.3226,11.377,1
-4.2251,12.232,1
-7.8838,8.1007,1
-7.9529,7.9138,1
-7.0463,11.342,1
-8.3297,8.9023,1
-3.1242,9.169,1
-3.0459,8.7052,1
-7.8223,11.142,1
-2.2324,13.474,1
-6.6948,5.213,1
-2.911,8.3628,1
-4.178,13.891,1
-2.393,13.787,1
-0.21169,12.102,1
-7.3871,11.635,1
-3.0694,8.8975,1
-6.8583,5.3158,1
-3.9636,14.551,1
-8.1218,9.0695,1
-8.1145,11.009,1
-8.0215,11.221,1
-6.526,10.697,1
0.55534,11.498,1
-2.776,8.2584,1
-7.8208,8.0917,1
-5.0751,10.074,1
-3.2314,8.2856,1
-8.1121,9.0445,1
-7.2968,11.207,1
-2.6137,13.857,1
-6.935,11.124,1
-8.1691,9.476,1
-3.1716,9.145,1
-7.9257,8.2,1
-4.1569,11.744,1
-4.4899,13.097,1
-4.3674,13.789,1
-4.8513,9.7031,1
-4.5246,13.918,1
-7.4426,11.143,1
-4.1981,11.626,1
1.1452,11.104,1
-4.4864,12.445,1
-8.1784,8.1715,1
-4.031,9.1404,1
-4.6263,14.265,1
-7.8084,8.5987,1
-5.2005,9.7877,1
-3.8722,9.0165,1
-3.4742,14.299,1
-2.9358,8.631,1
-7.8384,11.333,1
-3.7391,8.8947,1
-7.5358,6.8297,1
-2.936,14.118,1
-7.4921,10.993,1
-0.55571,12.281,1
-5.5363,10.063,1
-8.4643,9.334,1
-3.1971,9.5758,1
-8.2167,10.841,1
-4.178,14.63,1
-3.6343,14.564,1
-3.4657,14.288,1
-8.7027,10.966,1
-2.5561,8.014,1
0.37639,11.612,1
-6.6981,5.2053,1
-8.784,11.051,1
-3.408,14.315,1
-6.0783,10.642,1
-3.6215,14.068,1
-8.1878,10.627,1
-8.59,10.702,1
-3.8551,14.584,1
-2.3689,7.4595,1
-8.7654,11.235,1
-4.5099,13.042,1
-4.6877,13.763,1
-4.1152,14.087,1
-6.9579,10.968,1
-1.0529,12.84,1
-8.0649,9.6372,1
-4.5973,9.6908,1
-6.7949,10.951,1
-4.4198,12.762,1
-4.2349,11.968,1
-8.301,11.109,1
-8.4207,11.365,1
-2.9133,7.946,1
-4.4254,12.43,1
-5.1001,14.643,1
-8.5794,10.58,1
-2.7067,13.757,1
-3.0424,14.118,1
-4.1964,9.3153,1
-4.2915,11.859,1
-2.2983,13.788,1
-2.9572,8.1788,1
-4.504,9.5066,1
-4.5069,13.68,1
-2.9863,13.971,1
-0.17304,12.083,1
-8.162,11.494,1
-3.2641,8.4621,1
-8.0805,10.763,1
-8.5326,9.7989,1
-4.0906,13.9,1
-4.1852,12.65,1
-7.9756,7.999,1
-6.4117,10.732,1
-4.5882,13.938,1
-0.49906,12.574,1
-6.2612,11.246,1
-8.547,10.428,1
-8.4084,9.2337,1
-4.9812,9.5676,1
-7.0008,10.879,1
-8.7042,10.974,1
-3.2151,9.2452,1
-4.6409,14.077,1
-7.2474,11.673,1
-3.2635,9.3948,1
-7.9527,11.46,1
-4.3877,12.837,1
-7.511,11.732,1
-3.8228,14.506,1
-4.0022,11.376,1
-3.2875,9.3157,1
-4.435,9.458,1
-4.527,13.358,1
-4.4144,9.4512,1
-3.1179,13.713,1
-8.3776,9.6772,1
-1.5109,13.153,1
-6.5874,10.934,1
-8.6946,10.765,1
-8.3164,9.3851,1
-5.4612,10.325,1
-2.6744,14.188,1
-8.3516,11.688,1
-6.4305,4.6196,1
-4.0462,12.563,1
1.0739,11.119,1
-4.2549,12.773,1
-8.2084,11.506,1
-5.6664,10.412,1
-8.0916,10.828,1
-1.3399,12.974,1
-8.0813,8.2789,1
-3.3075,14.393,1
-4.1169,11.453,1
-4.4161,13.931,1
-6.1117,10.768,1
-3.5546,14.349,1
-5.3327,10.157,1
-2.1488,13.87,1
-7.9211,7.9119,1
-4.2186,9.1474,1
-7.7909,11.511,1
-7.6444,6.8944,1
-3.2101,9.19,1
-0.65405,12.388,1
-7.8885,8.5274,1
-7.5774,11.49,1
-6.7085,11.078,1
-5.1655,9.7924,1
-2.9098,8.1227,1
-7.5386,7.7716,1
-4.6982,13.44,1
-6.9587,11.126,1
-3.3323,9.5728,1
-2.7447,7.8548,1
-4.758,13.108,1
-7.3458,6.8819,1
-4.2002,14.298,1
-8.3206,9.1775,1
-3.932,14.242,1
-1.5485,13.351,1
-8.2106,8.926,1
-8.3911,11.465,1
-3.4142,9.8269,1
-7.9807,9.3246,1
-3.0347,14.101,1
-6.4536,10.736,1
-8.2611,11.817,1
-2.1536,13.612,1
-3.4653,9.9117,1
-3.1639,9.2513,1
-8.0127,8.7188,1
-7.4482,6.3919,1
-8.1705,9.2375,1
-7.262,11.754,1
-8.2766,9.7268,1
-3.073,14.014,1
-6.5046,10.557,1
-6.1688,10.823,1
-7.8197,7.7066,1
-4.565,13.353,1
-3.6263,14.654,1
-3.5521,14.248,1
-1.522,13.464,1
-7.4919,11.553,1
-4.3914,9.3929,1
-3.2616,9.9371,1
-4.7553,14.165,1
-4.8076,13.339,1
-8.2557,8.6887,1
-6.8913,11.172,1
-4.4937,9.2397,1
-4.6677,9.5171,1
-7.6938,8.52,1
-2.4558,7.7012,1
-8.313,9.1469,1
-0.0095289,12.226,1
-7.8537,7.3338,1
-3.6419,8.8839,1
-4.4884,9.543,1
-4.3979,14.23,1
-1.4682,12.948,1
-6.8672,10.864,1
-7.7726,11.663,1
-6.5739,10.987,1
-8.7595,9.9626,1
-3.991,13.434,1
-7.9894,8.9407,1
-2.7861,8.2854,1
-7.3787,11.508,1
-7.8325,8.5091,1
-5.5419,10.348,1
-7.4051,11.651,1
-1.2385,13.056,1
-0.10275,12.052,1
-2.4751,7.6155,1
-7.3616,11.455,1
-8.181,10.681,1
-6.9649,5.7625,1
-2.491,13.787,1
-3.7796,14.689,1
-8.2646,8.8596,1
-7.3957,6.5357,1
-8.2142,10.83,1
-0.15354,5.893,2
-4.139,3.9661,2
-4.6604,1.631,2
-0.070801,6.749,2
-1.5564,10.196,2
0.083485,4.9605,2
-0.87883,4.4182,2
-5.8758,7.8839,2
-4.6031,4.5176,2
-0.12636,5.7356,2
-0.49134,7.8271,2
-4.7477,5.1681,2
-5.5847,1.8239,2
-8.8356,4.1297,2
-0.18451,6.2137,2
-5.4521,7.9111,2
-4.1568,1.6177,2
-5.5052,6.7968,2
0.2271,4.9662,2
-7.1228,2.7992,2
-4.0151,1.168,2
-0.47153,5.2684,2
-4.1198,3.6925,2
-1.299,4.3208,2
-2.8708,5.7698,2
-5.5118,7.8639,2
-2.0935,5.1863,2
-8.3958,3.5914,2
-9.004,4.6373,2
-0.25768,6.9315,2
-4.7685,5.1065,2
-4.2609,2.1534,2
-5.5298,7.0521,2
-0.4191,5.0209,2
-5.0275,1.628,2
-3.8967,2.4986,2
-4.029,2.3243,2
-0.97158,4.6072,2
-1.6831,5.1817,2
-0.63003,7.9539,2
-1.3173,10.122,2
-1.9476,5.3624,2
-4.5575,1.9002,2
-4.8416,1.6151,2
-0.25737,6.794,2
-4.4544,5.0709,2
-4.68,4.9041,2
-4.071,3.7807,2
-5.2826,1.9708,2
-5.4086,6.942,2
-1.5533,4.8749,2
-7.4375,3.5277,2
-4.6819,5.2333,2
-4.1295,2.0415,2
-5.8038,1.9589,2
-0.93505,4.2697,2
-9.4799,4.9727,2
-4.1937,3.5363,2
-0.12357,6.2647,2
-1.3327,9.9996,2
-1.0597,4.4369,2
-0.46003,6.3246,2
-5.815,2.2084,2
-3.5799,2.1257,2
-4.3009,3.8703,2
-3.3192,6.0863,2
-5.4862,6.5527,2
-1.3005,4.7247,2
-0.08632,5.1737,2
-4.1561,2.8125,2
-3.368,6.1497,2
-6.7384,2.5779,2
-3.8835,2.9214,2
-6.2139,1.9618,2
0.17568,5.4109,2
-3.6313,1.561,2
-0.52545,6.8684,2
-5.0401,5.9874,2
-7.4531,3.1027,2
-4.3857,3.5692,2
-9.5107,4.7206,2
-4.2813,2.4567,2
-0.5379,7.7449,2
-4.8205,4.4964,2
-5.6238,7.1082,2
-4.8168,1.8665,2
-1.6738,5.2336,2
-1.2492,4.8879,2
0.0011631,4.8728,2
-4.8459,5.4355,2
-3.9016,1.4404,2
-5.8205,7.5776,2
0.37222,4.3217,2
-5.231,6.5935,2
-0.48199,7.4869,2
0.01771,5.5519,2
-5.0117,6.1687,2
-2.6268,5.1385,2
-5.4062,6.4247,2
-4.9042,2.0386,2
-4.4352,6.7546,2
-8.2318,3.7378,2
-3.9582,1.9635,2
-4.0712,6.501,2
-8.0537,3.6998,2
-0.12082,6.0382,2
-4.4255,6.5998,2
-3.91,2.8899,2
-4.0422,2.1956,2
-9.1448,4.5104,2
-4.7438,1.7309,2
-7.2944,2.9234,2
-4.1449,3.0948,2
-5.5587,7.4219,2
-1.334,4.671,2
-4.6778,5.2039,2
-5.7517,7.8665,2
-4.4469,4.2366,2
-5.0501,1.7069,2
-7.4824,2.8858,2
-1.4958,10.104,2
-0.99215,4.4835,2
-4.0229,2.1519,2
0.031274,4.1983,2
-5.6391,1.7704,2
-0.9419,4.8685,2
-0.57006,4.1646,2
-5.4937,7.0504,2
-5.1568,1.6502,2
-5.8142,8.1506,2
-4.0908,3.7216,2
-0.53291,7.4888,2
-5.0018,6.0723,2
-0.16041,5.7946,2
-6.2808,2.057,2
-7.9781,3.4709,2
-0.98516,8.6556,2
-7.9872,3.5258,2
-5.606,7.9003,2
-4.4464,1.2031,2
-5.215,6.1237,2
-4.0917,3.9366,2
-5.7297,8.022,2
-4.9192,1.8349,2
0.01448,4.1751,2
-7.7123,3.3118,2
-1.1372,4.356,2
-5.4828,2.1001,2
-4.2963,6.6795,2
-5.8574,7.9168,2
-3.5453,6.249,2
-2.7019,5.4827,2
-3.9127,2.3947,2
-9.8965,5.3715,2
-4.8715,1.8845,2
-8.6173,4.0582,2
-5.9196,7.9788,2
-0.31029,4.2486,2
-4.7451,1.43,2
-4.5986,2.1227,2
-0.41557,3.8666,2
-3.5731,6.242,2
-5.1742,6.0263,2
-7.0577,2.8797,2
-4.1901,1.6569,2
-1.5378,5,2
-6.2946,8.5872,2
-1.8233,5.0946,2
-2.0101,4.9472,2
-0.73151,7.6374,2
-3.8629,3.5595,2
-6.0315,8.2239,2
-4.2299,3.0624,2
0.057423,5.7833,2
-5.0189,1.7506,2
-0.033688,6.7907,2
0.0050683,5.8382,2
-4.0636,1.3643,2
-6.7281,2.7529,2
-3.8637,2.6658,2
-1.0193,4.6549,2
-9.2057,4.4769,2
-2.0131,11.1,2
-5.7277,1.9745,2
-3.8295,2.6967,2
-4.9652,5.473,2
-5.2627,6.6037,2
-1.7795,5.0272,2
-5.001,1.4133,2
-2.4804,5.3663,2
-0.45396,5.7436,2
-5.3412,2.1223,2
0.029191,4.5201,2
-4.7957,1.8339,2
-2.0228,5.3594,2
-2.8907,5.7804,2
-1.203,4.5672,2
-4.3188,1.6426,2
-4.2476,3.0244,2
-0.73128,4.4012,2
-9.1,4.4318,2
-8.1939,3.5189,2
-4.5822,6.9828,2
-6.1325,2.0657,2
-1.8787,4.8694,2
-0.83017,8.805,2
-0.1507,5.6107,2
-2.7335,5.5246,2
-5.2964,7.6396,2
-7.5953,3.6017,2
-0.76079,8.0932,2
-3.2695,6.1758,2
-0.70741,4.4902,2
-4.9014,7.5522,2
-4.5441,0.73982,2
-0.54025,6.8797,2
-8.9763,4.2929,2
-0.71896,6.5598,2
-5.0718,1.8305,2
-1.326,9.8845,2
-2.0752,11.292,2
-4.718,7.1323,2
-3.3712,5.9655,2
-1.0625,4.4828,2
-5.0218,6.2035,2
0.076604,5.8159,2
-3.9851,6.4736,2
-4.4032,3.71,2
-1.8294,4.8704,2
-0.29471,5.8965,2
-4.2197,1.743,2
-8.8602,4.206,2
-4.6866,3.8295,2
-7.0614,2.9865,2
-4.0177,2.5636,2
-4.272,2.365,2
-1.0426,5.1654,2
0.069134,6.1795,2
-4.8754,2.0256,2
-5.9522,2.1869,2
-5.9493,7.9038,2
-8.6184,3.9618,2
-2.1699,5.3057,2
-1.5079,10.11,2
-0.27717,6.9156,2
-4.1891,4.3029,2
-5.3185,6.3257,2
-0.2329,6.9237,2
-7.183,2.8386,2
-4.6952,5.0669,2
-0.18183,4.8476,2
0.23144,5.1084,2
-3.8829,2.1104,2
-1.4302,4.6211,2
-8.3887,3.8215,2
-4.5823,1.8465,2
-6.0544,8.2837,2
-2.2163,5.264,2
0.044317,5.8229,2
-3.8046,6.4509,2
-0.55023,8.2664,2
-4.0568,3.5809,2
-4.5343,4.4245,2
-1.2896,4.7485,2
-5.0726,7.3292,2
-2.3756,5.355,2
-3.8202,1.7581,2
-1.7602,5.1759,2
-4.6015,5.1683,2
-6.0126,8.15,2
-5.7923,7.7149,2
-4.9259,1.9023,2
0.15253,4.8855,2
-0.1838,6.4661,2
-5.5217,7.8973,2
0.0049742,5.5343,2
-5.5435,6.8187,2
-6.3615,2.3819,2
-0.65296,4.3651,2
-0.64347,8.3663,2
-5.7706,7.8685,2
-0.85703,8.8279,2
0.031203,4.4174,2
0.001875,5.3481,2
-1.3038,4.6762,2
-1.2558,4.3554,2
-1.1763,5.3622,2
-1.1523,4.7522,2
-0.23277,5.075,2
-1.2821,9.5565,2
-5.3105,7.6027,2
-0.15884,6.9271,2
-7.2753,3.2749,2
-3.9568,3.2954,2
-0.16382,4.5111,2
-5.115,1.4016,2
-4.6837,5.0661,2
-4.5788,2.5131,2
-6.3241,8.7203,2
-0.14545,5.0427,2
-5.1332,5.7053,2
-4.7781,5.2684,2
-0.050793,6.2463,2
-3.1047,6.1137,2
-0.57889,8.03,2
-5.7741,7.6166,2
-5.9244,2.4051,2
-4.825,4.9011,2
-2.4335,5.6793,2
-4.9372,5.5939,2
-3.8232,2.4503,2
-0.56722,7.7235,2
-4.9125,5.0659,2
-0.91372,9.0118,2
-5.2669,6.9321,2
-7.2687,2.7188,2
-0.29247,5.3015,2
-0.21519,6.5394,2
-4.3833,4.5195,2
-6.3983,2.1712,2
-3.8618,2.7055,2
-5.4605,7.6697,2
-4.1231,3.4607,2
-0.72759,4.5936,2
-9.8515,5.2774,2
-4.602,3.9515,2
-1.8488,4.8489,2
-4.2178,6.5318,2
-8.4665,3.9982,2
-4.4926,4.7651,2
-10.076,5.3947,2
-5.501,1.7472,2
-4.7084,1.5822,2
0.16303,4.9897,2
-5.2613,7.5486,2
-3.2126,5.9868,2
-4.5736,7.072,2
-6.9634,2.6379,2
-4.4754,1.941,2
-5.9716,8.1711,2
-1.0507,9.1239,2
-1.5715,10.163,2
-9.5321,4.8556,2
-4.2484,3.423,2
-7.9813,3.6517,2
-4.6232,1.5133,2
-4.5863,7.1177,2
-4.392,1.3482,2
-3.7402,6.2477,2
-4.7584,5.0607,2
-4.2666,3.2503,2
-5.2373,6.23,2
-5.7619,1.831,2
-8.7931,4.3706,2
-0.80262,4.5609,2
-0.41565,5.4144,2
-0.58631,7.9412,2
-7.4255,3.0654,2
-4.3558,3.008,2
-0.54153,4.353,2
0.20205,5.8156,2
-8.6119,4.0198,2
-6.0383,8.334,2
-1.3303,4.8855,2
-4.1886,3.0349,2
-5.0016,5.9681,2
-2.9024,5.8374,2
-4.4142,2.3484,2
-7.7881,3.7072,2
-0.042386,4.6642,2
-5.671,1.855,2
-4.9666,1.6639,2
-4.4729,1.694,2
-1.473,9.8296,2
-0.74329,8.0006,2
-5.5755,1.6968,2
-0.060238,4.8215,2
-0.53498,4.2225,2
0.0092405,4.4436,2
-0.47508,4.5476,2
-8.3363,4.0811,2
-5.9387,2.1814,2
-4.5799,1.7942,2
-0.20122,4.6096,2
-7.4163,3.0766,2
-1.1846,4.5721,2
-9.6867,5.1475,2
-9.258,4.4128,2
-6.431,2.5005,2
-5.4301,7.102,2
-4.4796,4.679,2
-5.5354,1.4882,2
-2.1516,4.9697,2
-6.0092,8.1775,2
-2.1218,11.389,2
-5.0322,1.3193,2
-0.91747,8.6994,2
-2.1495,4.8716,2
-0.12305,4.7081,2
-0.0919,4.5627,2
-5.4359,7.6854,2
-4.9294,5.5203,2
-7.3877,2.8527,2
-10.316,5.7718,2
-5.5512,1.8209,2
-3.132,5.708,2
-4.2262,2.0657,2
-3.5659,6.3054,2
-4.7902,7.1257,2
-4.247,3.5245,2
-3.8009,6.1923,2
-0.092187,4.8327,2
-5.2769,1.8658,2
-3.0622,5.6897,2
-6.3366,2.1162,2
-1.8294,10.822,2
-0.67935,4.5213,2
-5.2664,6.4716,2
-0.6532,4.5584,2
-3.9213,1.8823,2
-4.5677,5.3251,2
-4.0163,2.0192,2
-1.4618,9.6417,2
-0.33863,6.9688,2
-4.1634,6.7121,2
-3.9905,2.0708,2
-4.1144,1.6445,2
-4.914,5.64,2
-5.1309,5.8198,2
0.069321,4.3475,2
-1.9375,5.1639,2
-6.5805,2.5456,2
-6.6836,2.8564,2
-0.78338,7.9295,2
-3.7492,6.27,2
-5.642,1.8978,2
-4.2195,2.4451,2
-0.12601,5.8871,2
-1.1506,9.1217,2
-2.0762,5.2324,2
-5.8691,8.2993,2
-0.67703,4.1085,2
-5.1968,6.2373,2
-6.1746,1.9545,2
-8.2567,3.8248,2
-5.1581,7.6173,2
-4.1305,6.5635,2
-4.6102,2.0799,2
-4.4777,5.2166,2
-4.8606,7.2102,2
-5.3262,1.7462,2
-4.2944,1.3301,2
-1.1254,9.0393,2
-0.38481,5.8882,2
-2.1809,5.2857,2
-6.7251,2.5962,2
0.23613,4.4788,2
-7.3849,3.34,2
-4.174,2.2167,2
-2.6835,5.3375,2
-4.0101,1.8911,2
-7.7532,3.3685,2
-4.3643,2.355,2
-0.19557,5.6483,2
0.021364,5.3325,2
-6.3817,2.4477,2
0.2982,5.9479,2
-4.3594,2.1809,2
-1.0946,4.6705,2
-4.0201,1.5687,2
-4.9995,1.3155,2
-4.5393,4.8737,2
-7.5505,3.0829,2
-4.9327,5.344,2
-5.4629,7.7591,2
-10.051,5.3883,2
0.23881,5.8435,2
-5.5608,1.5439,2
-6.3165,2.1438,2
-5.2715,5.9368,2
-6.1184,8.4652,2
-5.7043,7.2819,2
-5.2039,7.514,2
-5.4671,7.0922,2
-3.9964,3.1143,2
-4.3091,2.6765,2
-0.22746,6.6682,2
0.21715,4.4592,2
-0.91074,4.7699,2
-0.40979,7.0409,2
-5.7121,8.0903,2
-3.9455,2.44,2
-5.6342,2.0861,2
-0.97721,8.583,2
-4.7423,3.9138,2
-5.5614,7.9656,2
-1.2977,4.3049,2
-6.151,8.3117,2
-4.1378,1.3193,2
-9.6181,4.7391,2
-0.52578,4.9246,2
0.26008,5.2128,2
-4.9076,1.3601,2
-1.3011,9.7076,2
-4.4666,2.328,2
-1.1509,9.3703,2
-0.83391,8.9815,2
-3.8265,2.5054,2
-9.9054,5.259,2
-8.5586,4.1102,2
-1.1403,9.1626,2
-4.7849,1.5931,2
-0.22065,4.45,2
-4.8179,1.7806,2
0.11869,5.7852,2
-7.5555,3.2206,2
-4.3121,1.0346,2
-0.40816,6.6613,2
-0.3006,5.1591,2
-5.464,1.7623,2
-5.7261,7.6726,2
-3.3029,5.8466,2
-5.1967,6.364,2
-0.36538,7.0434,2
-4.0512,1.7109,2
-1.6913,4.7423,2
-5.4248,6.9106,2
-0.10715,6.3941,2
-5.9216,1.7844,2
-4.517,4.8634,2
-6.2453,2.23,2
-4.6825,5.2162,2
-0.28082,6.6649,2
-1.8162,10.605,2
-0.19394,4.7289,2
-4.845,5.9533,2
-3.6692,6.1159,2
-4.7275,1.3366,2
-1.1247,9.5647,2
-0.45377,8.066,2
-6.9462,2.8032,2
-1.1105,8.6529,2
-8.7959,4.1239,2
-8.775,4.4224,2
-4.2336,4.3225,2
-6.0707,8.3713,2
-0.53299,4.8691,2
-4.2465,1.5288,2
-0.2789,5.0619,2
-2.7302,5.4379,2
-4.261,6.7968,2
-2.9731,5.6133,2
-4.8443,5.2412,2
-5.0785,7.4046,2
-10.128,5.5014,2
-6.3279,2.2572,2
-4.3122,3.5256,2
-0.42894,4.743,2
-1.6778,4.7123,2
-0.61258,7.573,2
-1.2137,4.8528,2
-1.681,4.9252,2
-4.0111,2.6158,2
-4.3767,1.5457,2
-4.1015,1.5452,2
-8.8769,4.2161,2
-7.0422,2.7461,2
-4.4953,4.7731,2
-5.9064,2.2946,2
-4.6383,5.626,2
-1.9268,10.915,2
-4.3743,4.1653,2
-9.7089,5.044,2
-2.0518,4.8375,2
-6.6715,2.4753,2
-3.6351,2.1662,2
-1.2413,4.811,2
0.31139,4.4983,2
-0.43587,6.2472,2
-7.1726,2.9963,2
-8.7897,4.1595,2
-4.8275,2.6019,2
-6.1945,2.2838,2
-5.4142,2.2815,2
-5.7071,1.7328,2
-4.1318,3.2737,2
-1.8335,10.772,2
-2.4365,5.4162,2
-0.92276,5.2585,2
-8.7956,4.1289,2
-0.43021,4.878,2
-5.9785,2.2324,2
-8.406,4.0268,2
-0.88169,5.1053,2
-4.42,2.843,2
-9.3919,4.8002,2
-1.362,9.7518,2
-3.0771,5.8211,2
-6.0408,8.2988,2
-3.6193,6.3379,2
-8.9837,4.5762,2
-5.3091,6.2355,2
-1.3345,4.9148,2
-7.4323,3.2061,2
-4.1571,1.6653,2
-4.3373,4.6836,2
-0.7011,4.3456,2
-5.8396,8.0713,2
-4.0922,1.2602,2
-4.205,6.8494,2
-1.5947,10.393,2
-1.0103,4.6185,2
-1.3071,9.6277,2
-4.5666,4.1366,2
-4.3899,3.525,2
-2.2135,5.2328,2
-4.029,2.4653,2
-0.39163,5.2359,2
-4.18,3.0508,2
-0.98605,9.0078,2
-1.1881,4.5484,2
-4.457,1.659,2
-0.47543,5.2125,2
-1.9616,10.954,2
-1.1901,4.551,2
-4.1031,2.4491,2
-4.3738,1.314,2
-5.36,7.747,2
-1.2806,9.6,2
-7.2357,3.0628,2
-1.0156,8.9795,2
0.11575,5.2504,2
-8.5038,3.9644,2
-1.1168,9.112,2
-4.3016,4.3433,2
-0.095809,6.9242,2
-0.31656,6.5988,2
-8.0657,3.534,2
-5.6643,7.5063,2
-0.95834,8.9965,2
-4.667,5.7573,2
-1.0568,8.8211,2
-3.5819,1.3936,2
-1.7159,10.512,2
-4.6716,1.8474,2
-1.2179,4.6613,2
-4.7505,4.7972,2
-4.4045,2.2973,2
-1.5481,10.064,2
-5.6315,1.9111,2
-0.14864,4.7661,2
-2.5416,5.6655,2
0.22586,4.3281,2
-4.5732,2.4564,2
-5.8685,8.0117,2
-4.7395,5.2084,2
-4.3991,1.7913,2
-1.3888,4.9805,2
-4.5581,2.7594,2
-7.711,3.5501,2
-0.0094285,5.1298,2
-4.6254,4.9183,2
-7.8385,3.1662,2
-0.0078526,5.9738,2
-0.28028,6.6422,2
-5.7138,7.4988,2
-1.3148,4.8275,2
-5.9955,8.4427,2
-6.883,2.6762,2
-0.44722,4.8681,2
-7.0515,2.703,2
-3.6948,2.3836,2
-1.3027,4.7282,2
-0.59825,4.5462,2
-4.4062,1.9763,2
-4.4547,2.8462,2
-0.50023,8.0897,2
-0.18353,6.1822,2
-5.844,7.5907,2
-0.37936,5.8396,2
-9.7577,5.1411,2
-4.0789,3.31,2
0.14969,5.4191,2
-1.29,9.3979,2
-5.3838,6.9378,2
-5.6502,7.512,2
-5.291,7.6555,2
-3.9833,1.624,2
-2.1221,5.228,2
0.3225,4.8836,2
-5.3535,1.7512,2
-0.071102,5.3568,2
-7.6649,3.2223,2
-7.209,2.909,2
-1.2279,9.6975,2
-4.4578,3.747,2
-5.2953,2.1515,2
-5.8246,8.0303,2
-3.6032,6.0079,2
-0.58556,4.3254,2
-0.036419,5.0968,2
-6.1475,2.3265,2
-4.511,4.8067,2
-2.9912,5.5587,2
-0.35933,7.3463,2
-0.23402,5.019,2
-4.2187,1.8725,2
-4.2371,4.3351,2
-8.2885,3.6804,2
-4.0522,3.4349,2
0.39899,5.2671,2
-3.9961,3.2181,2
-4.7632,1.33,2
-0.041816,4.5905,2
-6.3502,2.6457,2
-1.0576,5.1104,2
-3.6873,6.3345,2
-0.46131,5.0598,2
-6.8064,2.6105,2
-4.0449,2.6376,2
0.3717,4.3617,2
-4.5479,1.632,2
-5.1603,6.6522,2
0.22811,5.8408,2
-6.2236,2.3647,2
-0.66348,8.1734,2
-0.67905,8.1505,2
-4.0375,1.3278,2
-4.3595,3.7876,2
-3.7946,6.2142,2
-2.0857,5.1996,2
-9.4186,4.7194,2
-6.2356,2.1557,2
0.11376,4.5607,2
0.25969,5.9352,2
-5.6383,2.2553,2
-0.90945,4.6458,2
-7.425,2.998,2
-4.1858,3.4284,2
-0.27432,6.0403,2
-9.9837,5.4528,2
-5.0893,1.3755,2
0.28547,5.9455,2
-4.4945,3.2545,2
0.0049479,5.4689,2
-5.5359,1.9592,2
-0.24988,5.6054,2
-1.2925,9.8102,2
-0.39457,6.9027,2
-5.7277,7.8219,2
-1.0772,8.8925,2
-0.38605,4.5875,2
-4.7143,1.5125,2
-5.4232,1.2912,2
-7.237,3.1706,2
-4.9751,1.4084,2
-0.54071,5.2659,2
-6.7462,2.4373,2
-9.1667,4.5714,2
-1.559,10.272,2
-4.701,7.0802,2
-4.5566,2.2631,2
-4.1268,2.5898,2
-5.3398,6.5198,2
-1.2438,5.0157,2
-4.2673,3.2643,2
-5.629,2.0495,2
-0.59077,8.2274,2
-1.352,4.7527,2
-2.749,5.4755,2
-3.9903,1.4703,2
-4.627,2.2972,2
-4.2054,3.4734,2
-6.5523,2.5768,2
-0.07005,5.1942,2
-6.1802,8.3915,2
-4.1663,3.2091,2
-4.9427,6.0251,2
-4.1442,2.9668,2
-10.013,5.4144,2
-5.4868,7.3112,2
-5.6196,7.3647,2
-4.789,7.2148,2
-0.43164,7.3298,2
-1.1193,9.6557,2
-5.5835,7.1837,2
-7.5169,3.1961,2
-1.1113,4.4041,2
-4.0809,1.9441,2
-2.1302,11.387,2
-4.7458,1.5927,2
-4.3436,2.1457,2
-8.5875,4.1973,2
-0.27787,6.7803,2
0.03391,4.9615,2
-1.0187,8.7485,2
-4.9379,7.2751,2
0.18237,5.3549,2
-2.1178,5.1566,2
-4.3837,4.4553,2
-3.2754,5.6719,2
-0.39748,4.7803,2
-0.24123,7.3191,2
-4.5699,4.742,2
-7.1077,2.8063,2
-2.6738,5.5807,2
-4.3884,4.1253,2
-5.3312,7.5518,2
-0.48282,7.2642,2
-4.4423,1.7166,2
-4.2572,2.4468,2
-4.1291,3.4053,2
-5.5465,2.1232,2
-4.787,5.7269,2
-5.2798,6.9317,2
-0.80763,4.0796,2
-3.1492,5.8089,2
-0.92496,8.764,2
-0.63689,8.2043,2
0.023883,6.478,2
-6.2428,2.3412,2
-3.7325,6.1755,2
-7.6299,3.1976,2
-4.1269,3.5145,2
-4.5046,4.1309,2
-4.2582,4.3895,2
-2.5111,5.1303,2
-6.5534,2.5947,2
-5.4876,1.7338,2
-1.9003,10.853,2
-5.1814,7.4185,2
-4.4215,2.1979,2
-0.6918,4.8013,2
-0.5654,7.3477,2
-4.3227,3.6318,2
-5.0837,1.8025,2
-1.6936,10.523,2
-4.6263,7.0288,2
-6.303,8.6775,2
-4.5275,4.723,2
-0.86694,4.2663,2
-7.5583,3.3785,2
-3.819,2.6115,2
-5.6211,7.2156,2
-3.8472,2.2566,2
-4.2835,1.5852,2
-0.014106,4.6238,2
-4.5874,5.2201,2
-0.2559,5.8299,2
-1.7261,10.466,2
-5.9947,1.8184,2
-8.1862,3.5547,2
-5.6721,7.8927,2
-10.01,5.3973,2
-5.3861,2.0016,2
-1.8326,10.902,2
-4.227,6.7037,2
-6.6222,2.4619,2
-3.6557,6.2356,2
-0.43926,7.5239,2
-2.3421,5.5144,2
-6.0333,1.9123,2
-0.33347,4.2729,2
-1.2701,9.7431,2
-5.3053,7.4693,2
-0.076328,4.9057,2
-3.7664,6.6734,2
-1.412,4.8065,2
-3.9668,2.9259,2
-1.7865,5.0301,2
-4.9552,5.7764,2
0.0062663,6.0831,2
-5.166,6.0496,2
-4.0835,2.9066,2
-5.5719,7.4488,2
-5.1729,7.4729,2
-0.14862,6.3489,2
-0.055258,5.9227,2
-6.4627,2.5019,2
-7.5373,3.2191,2
-0.62261,4.0435,2
-4.3303,3.0087,2
-5.2955,7.8145,2
-1.5616,10.304,2
-5.4268,6.7513,2
-8.0522,3.4926,2
-3.8125,2.9273,2
-2.7799,5.7603,2
-9.9273,5.4206,2
-0.79081,4.4356,2
-8.4746,4.1294,2
-0.3926,4.9748,2
-4.9601,7.3935,2
-1.8267,10.922,2
-3.5572,1.4919,2
-0.85909,8.5493,2
-0.32809,6.2022,2
-8.6115,4.0349,2
-4.2265,1.5163,2
0.044461,4.3548,2
-0.14815,5.2608,2
-2.0279,11.292,2
-3.9993,2.5573,2
-5.282,2.0571,2
-9.0961,4.4262,2
-2.8679,5.6853,2
-8.6036,4.0006,2
-4.7,2.0779,2
-4.5485,2.0115,2
-3.0682,5.8767,2
-1.2133,8.9616,2
-0.52378,5.2511,2
-2.9581,5.7371,2
-3.2121,5.8857,2
0.033068,5.8109,2
-0.34128,4.7365,2
-0.20686,5.409,2
-5.1605,1.6098,2
0.075786,4.5625,2
-4.5047,4.5714,2
-0.30147,4.1939,2
-5.325,6.8414,2
-1.2641,4.5563,2
-4.5898,6.9667,2
-5.6628,6.9851,2
-0.39438,7.2537,2
-5.225,1.8888,2
-3.4119,6.1343,2
-6.1117,2.0503,2
-9.5349,4.8306,2
-5.4404,7.5537,2
-0.44611,5.1936,2
-4.4575,1.9646,2
-4.4961,4.5427,2
-4.4936,3.7096,2
-0.079289,4.9724,2
-0.2916,5.3176,2
-4.5022,3.8095,2
-4.7961,5.6802,2
-0.11868,4.8675,2
-1.0006,4.8369,2
-5.3362,7.534,2
-4.1754,2.1223,2
-4.276,1.353,2
-8.9405,4.2609,2
0.20887,5.5361,2
-0.49589,5.8142,2
-4.9227,6.0144,2
-4.3752,2.3823,2
-5.1968,7.7658,2
-1.7441,10.731,2
-6.5884,2.4317,2
-2.1292,5.0561,2
-6.8741,2.7086,2
-7.0409,2.7009,2
-8.2647,3.8855,2
-2.2277,11.419,2
-2.4196,5.1599,2
-3.8945,1.67,2
-3.9615,2.2476,2
-4.3609,3.2019,2
-5.1626,6.4054,2
-1.0269,4.7675,2
-4.8699,7.117,2
-9.8079,5.1365,2
-4.4182,3.7936,2
-5.7212,8.0299,2
-2.42,5.0755,2
-2.1876,4.8517,2
-6.3108,2.405,2
-0.5402,7.0995,2
-4.2098,6.5659,2
-4.3445,1.9292,2
-4.9805,2.5015,2
-4.4002,4.2074,2
-4.0125,6.5309,2
-3.7817,2.9788,2
-9.4741,4.8208,2
-0.35901,4.5189,2
-8.8161,4.1562,2
-7.54,3.2558,2
-4.7562,1.2757,2
-3.5728,6.0102,2
-4.1597,4.075,2
-4.7639,7.1026,2
-4.9161,5.7141,2
-0.52735,8.1317,2
-0.44166,7.6201,2
-4.1874,6.7504,2
-5.5418,1.8837,2
-2.5865,5.6718,2
-4.2316,3.2373,2
-4.1784,2.2402,2
-4.3881,4.2657,2
-5.1,6.1462,2
-5.953,2.164,2
-0.72845,4.0643,2
-0.88845,4.7541,2
-4.5114,1.4436,2
-4.6861,4.9244,2
-0.33035,4.9346,2
-1.0583,5.1384,2
-4.8287,5.4733,2
-5.2123,6.3014,2
-0.19452,5.0984,2
-5.8178,2.0569,2
-5.2272,1.8339,2
-1.7703,5.2268,2
-4.6698,1.3747,2
-1.0895,9.2693,2
-3.6409,5.9693,2
-0.18,4.3018,2
-2.29,11.653,2
-4.9547,6.1178,2
-4.3634,2.4538,2
-3.727,6.4998,2
-5.6457,1.654,2
-0.62898,7.7045,2
-6.4514,2.2039,2
-4.3599,3.8709,2
-7.0553,2.6715,2
-7.2687,3.1375,2
-0.82138,4.3447,2
-4.2172,2.9498,2
-0.79617,4.4971,2
-4.7558,5.2524,2
0.20235,4.9166,2
-0.72288,4.4938,2
-1.171,4.7437,2
-1.646,4.9195,2
-4.288,2.0197,2
-4.0974,2.1293,2
-0.5334,6.171,2
-0.094206,5.1236,2
-0.20671,7.0883,2
-5.9018,8.224,2
-0.29619,4.742,2
-4.3821,3.9103,2
-1.934,5.1924,2
0.0073033,4.9456,2
-7.9872,3.4017,2
-0.96911,8.6718,2
-4.4809,1.3685,2
-5.0529,1.5874,2
-5.2412,6.5766,2
-0.12634,5.4597,2
-3.9945,1.4675,2
-0.89181,8.9674,2
-5.8976,2.2862,2
-4.0917,2.2986,2
-4.7269,4.8627,2
0.25373,4.0468,2
-0.26746,7.2424,2
-5.9016,1.8593,2
-1.8181,5.1447,2
-1.8246,4.9977,2
-1.4978,10.346,2
-4.8078,1.5098,2
-4.5829,4.7577,2
-4.7371,6.9984,2
-0.84339,4.2795,2
0.32539,5.6656,2
-6.2911,2.3867,2
-1.8424,5.3054,2
-4.3518,3.5795,2
-0.44904,7.6346,2
-0.027295,6.2887,2
-6.3055,2.4238,2
-0.010484,4.1206,2
-7.3721,2.8714,2
-9.1262,4.5442,2
-7.3196,2.9685,2
-0.036968,5.0014,2
-4.4523,4.4059,2
-5.0953,1.6966,2
-1.7979,4.7012,2
-0.89825,8.587,2
-5.9739,7.9209,2
-2.8581,5.4771,2
-4.7866,4.6467,2
-0.28347,6.0158,2
-0.31269,6.8592,2
-4.7807,1.6291,2
-4.6164,7.0625,2
-0.32638,3.9669,2
-4.6308,5.2416,2
-4.2233,3.1884,2
-4.4088,3.8067,2
-0.20854,4.9591,2
-7.361,3.1129,2
-2.4996,5.4306,2
-5.4242,8.109,2
-4.3582,6.7035,2
-4.2381,2.5867,2
-5.1706,1.446,2
0.44631,4.6997,2
-1.6759,5.2751,2
0.067415,6.1743,2
-4.5462,4.7291,2
-4.0787,2.1079,2
-0.36422,5.1424,2
-4.0175,2.1309,2
-4.2222,2.727,2
-0.13977,4.8112,2
-4.6988,1.5613,2
-6.0733,2.388,2
-2.4881,5.3378,2
-1.2723,9.6138,2
-8.7071,4.2973,2
-4.82,1.3479,2
-4.0894,3.6893,2
0.2923,5.3688,2
-5.2485,7.5217,2
-1.7385,4.6427,2
-0.83271,4.7523,2
-6.0044,8.1079,2
-4.0097,3.2706,2
-5.6251,7.8759,2
-1.403,4.9739,2
-5.0289,5.7441,2
-4.0716,3.5386,2
-2.0984,5.399,2
0.19887,5.818,2
-1.1654,9.3692,2
-2.7043,5.6709,2
-5.0131,7.4853,2
-0.2035,4.1945,2
-5.8385,7.8608,2
-4.5065,4.575,2
-4.3528,6.8925,2
-7.2658,2.7919,2
-1.3635,4.2979,2
-4.1821,1.0394,2
0.1788,4.6738,2
-4.8916,5.4519,2
-7.3271,2.9487,2
-6.5228,2.405,2
-1.0047,9.3309,2
-3.8222,2.3973,2
-1.4603,5.1031,2
-9.563,5.017,2
-0.62512,8.083,2
-5.2987,6.7362,2
-1.488,4.8065,2
-0.054803,4.8048,2
-0.10204,5.9008,2
-2.6311,5.6587,2
-4.0294,3.2304,2
-1.839,4.7947,2
-0.57931,7.4977,2
-5.0319,1.4166,2
-6.3028,2.3656,2
-3.8818,2.1065,2
-4.5281,6.8327,2
-1.2987,9.3991,2
-1.3836,4.8945,2
-5.1517,6.222,2
-5.8793,8.1308,2
-4.4182,3.1976,2
-6.8775,2.7562,2
-5.5725,1.6271,2
-0.80326,8.3378,2
-4.3899,3.5035,2
-0.71824,5.2726,2
-3.9118,1.9898,2
-1.4936,4.872,2
-1.6098,4.9961,2
-1.1507,4.783,2
-0.27084,6.8887,2
-4.3669,4.584,2
-7.349,3.1135,2
-3.338,5.785,2
-3.4602,6.333,2
-1.0118,4.5241,2
-0.54618,4.4384,2
-0.50543,4.2499,2
-1.9434,10.916,2
-4.8217,5.3713,2
-0.3658,7.0738,2
-4.0798,1.9098,2
-0.23519,5.8837,2
-4.5325,4.2054,2
-1.595,4.6496,2
-8.3295,3.8423,2
-0.24898,4.1022,2
-5.1265,1.64,2
-4.8171,2.9799,2
-0.0027682,5.5194,2
-2.3305,5.2123,2
-5.4454,1.9674,2
-1.8457,5.1039,2
-4.1529,1.7864,2
-0.85634,4.9273,2
-2.9341,5.7099,2
-3.9138,1.9325,2
-4.0591,3.616,2
-5.9272,7.9979,2
-0.77456,8.0854,2
-1.6921,10.75,2
-0.81942,4.9766,2
-3.7368,6.5848,2
-0.30513,7.192,2
-4.5209,1.5385,2
-3.8572,6.2323,2
-0.54243,8.0756,2
-1.0366,9.2415,2
-6.4459,2.5685,2
-4.9648,1.6096,2
-5.9898,2.0885,2
-4.9806,5.8613,2
-1.1997,9.5942,2
0.033906,6.9024,2
-5.0553,1.4058,2
-5.1187,6.5165,2
-3.9328,2.2548,2
-1.605,5.1296,2
0.285,5.3607,2
-0.019774,6.7,2
-2.2991,11.557,2
-0.43499,6.4948,2
-5.184,6.3434,2
-1.4013,10.145,2
-3.9853,2.8876,2
-1.8456,5.0294,2
-0.38847,5.0253,2
-1.3426,9.4637,2
-9.1518,4.3885,2
-4.7409,5.0746,2
-0.52764,4.6891,2
-4.7047,7.1895,2
-0.38979,4.8552,2
0.038,5.3099,2
-4.4177,1.4645,2
-0.28588,6.8972,2
-5.9615,1.9701,2
-4.7913,7.0311,2
-3.374,6.0793,2
-2.7821,5.4628,2
-2.5626,5.5853,2
-8.8802,4.0156,2
-4.0565,3.8239,2
-1.5366,10.263,2
0.20919,5.7391,2
-0.51098,7.5324,2
-0.3482,4.1491,2
-7.028,3.0302,2
-4.3851,4.2144,2
-0.18027,4.4846,2
-1.2939,4.8916,2
-1.4576,10.361,2
